Report J1/J3 = 0.500 .
0.000	0.001	0.000	0.500	0.500	1.000	0.160	0.114	0.000	0.000
0.250	-0.019	0.031	0.500	0.500	1.000	0.132	0.132	0.054	0.032
0.500	-0.031	0.055	0.500	0.500	1.000	0.165	0.124	0.100	0.070
0.750	-0.044	0.548	0.500	0.500	1.000	0.160	0.116	0.096	0.088
1.000	-0.065	0.336	0.500	0.500	1.000	0.187	0.129	0.128	0.062
1.250	-0.106	1.591	0.500	0.500	1.000	0.190	0.116	0.320	0.080
1.500	-0.137	1.911	0.500	0.500	1.000	0.153	0.100	0.133	0.154
1.750	-0.242	10.525	0.500	0.500	1.000	0.377	0.103	0.840	0.150
2.000	-0.819	16.806	0.500	0.500	1.000	1.172	0.050	0.178	0.207
2.250	-0.909	1.873	0.500	0.500	1.000	1.207	0.035	0.005	0.087
2.500	-0.949	1.012	0.500	0.500	1.000	1.216	0.016	0.020	0.025
2.750	-0.970	1.477	0.500	0.500	1.000	1.220	0.012	0.006	0.065
3.000	-0.978	3.576	0.500	0.500	1.000	1.222	0.011	0.002	0.053
3.250	-0.983	2.291	0.500	0.500	1.000	1.222	0.012	0.004	0.083
3.500	-0.992	0.824	0.500	0.500	1.000	1.223	0.008	0.003	0.030
3.750	-0.993	1.039	0.500	0.500	1.000	1.224	0.012	0.000	0.053
4.000	-0.995	1.176	0.500	0.500	1.000	1.224	0.007	0.001	0.062
4.250	-0.997	0.372	0.500	0.500	1.000	1.223	0.007	0.002	0.036
4.500	-0.998	0.397	0.500	0.500	1.000	1.223	0.005	0.002	0.032
4.750	-1.000	0.050	0.500	0.500	1.000	1.225	0.002	0.000	0.018
Report J1/J3 = 0.500 .
0.000	0.013	0.000	0.500	0.500	1.000	0.143	0.132	0.000	0.000
0.250	-0.032	0.078	0.500	0.500	1.000	0.115	0.117	0.015	0.025
0.500	-0.060	0.196	0.500	0.500	1.000	0.167	0.120	0.068	0.036
0.750	-0.095	0.373	0.500	0.500	1.000	0.132	0.121	0.132	0.051
1.000	-0.137	1.006	0.500	0.500	1.000	0.171	0.130	0.135	0.082
1.250	-0.183	2.103	0.500	0.500	1.000	0.175	0.128	0.278	0.184
1.500	-0.227	2.226	0.500	0.500	1.000	0.179	0.113	0.076	0.180
1.750	-0.291	3.100	0.500	0.500	1.000	0.292	0.136	0.724	0.047
2.000	-0.821	15.930	0.500	0.500	1.000	1.153	0.134	0.110	0.200
2.250	-0.901	1.577	0.500	0.500	1.000	1.185	0.193	0.035	0.072
2.500	-0.937	4.859	0.500	0.500	1.000	1.214	0.215	0.011	0.109
2.750	-0.962	4.573	0.500	0.500	1.000	1.208	0.233	0.007	0.052
3.000	-0.972	1.335	0.500	0.500	1.000	1.206	0.224	0.004	0.017
3.250	-0.975	1.983	0.500	0.500	1.000	1.209	0.228	0.003	0.052
3.500	-0.984	0.613	0.500	0.500	1.000	1.214	0.228	0.002	0.013
3.750	-0.988	1.182	0.500	0.500	1.000	1.215	0.232	0.001	0.012
4.000	-0.987	0.804	0.500	0.500	1.000	1.213	0.239	0.001	0.038
4.250	-0.991	0.182	0.500	0.500	1.000	1.212	0.229	0.006	0.010
4.500	-0.989	0.477	0.500	0.500	1.000	1.213	0.226	0.003	0.028
4.750	-0.992	0.206	0.500	0.500	1.000	1.215	0.232	0.001	0.001
Report J1/J3 = 0.500 .
0.000	-0.008	0.000	0.500	0.500	1.000	0.133	0.117	0.000	0.000
0.250	-0.031	0.034	0.500	0.500	1.000	0.160	0.124	0.038	0.015
0.500	-0.062	0.110	0.500	0.500	1.000	0.158	0.113	0.044	0.014
0.750	-0.102	0.479	0.500	0.500	1.000	0.152	0.114	0.084	0.158
1.000	-0.149	1.211	0.500	0.500	1.000	0.165	0.136	0.269	0.126
1.250	-0.266	4.751	0.500	0.500	1.000	0.375	0.118	0.340	0.071
1.500	-0.394	3.158	0.500	0.500	1.000	0.624	0.117	0.351	0.146
1.750	-0.502	16.235	0.500	0.500	1.000	0.782	0.113	0.774	0.105
2.000	-0.545	5.651	0.500	0.500	1.000	0.845	0.114	0.287	0.381
2.250	-0.687	6.270	0.500	0.500	1.000	0.979	0.098	0.132	0.280
2.500	-0.805	10.419	0.500	0.500	1.000	1.123	0.061	0.060	0.187
2.750	-0.871	5.926	0.500	0.500	1.000	1.155	0.081	0.005	0.129
3.000	-0.905	3.478	0.500	0.500	1.000	1.178	0.110	0.019	0.063
3.250	-0.926	7.752	0.500	0.500	1.000	1.197	0.107	0.018	0.108
3.500	-0.954	2.224	0.500	0.500	1.000	1.220	0.092	0.000	0.063
3.750	-0.957	3.958	0.500	0.500	1.000	1.216	0.081	0.007	0.050
4.000	-0.968	1.632	0.500	0.500	1.000	1.217	0.063	0.008	0.033
4.250	-0.973	1.364	0.500	0.500	1.000	1.221	0.062	0.000	0.007
4.500	-0.975	1.923	0.500	0.500	1.000	1.216	0.062	0.006	0.052
4.750	-0.981	0.736	0.500	0.500	1.000	1.220	0.064	0.002	0.003
Report J1/J3 = 0.500 .
0.000	0.003	0.000	0.500	0.500	1.000	0.133	0.117	0.000	0.000
0.250	-0.060	0.139	0.500	0.500	1.000	0.147	0.122	0.039	0.041
0.500	-0.130	0.128	0.500	0.500	1.000	0.160	0.130	0.074	0.060
0.750	-0.195	0.512	0.500	0.500	1.000	0.156	0.111	0.054	0.011
1.000	-0.253	0.720	0.500	0.500	1.000	0.170	0.113	0.249	0.129
1.250	-0.302	1.280	0.500	0.500	1.000	0.176	0.118	0.186	0.069
1.500	-0.362	3.300	0.500	0.500	1.000	0.264	0.107	0.792	0.134
1.750	-0.511	11.914	0.500	0.500	1.000	0.702	0.075	0.927	0.071
2.000	-0.606	8.553	0.500	0.500	1.000	0.869	0.096	0.285	0.286
2.250	-0.672	14.448	0.500	0.500	1.000	0.973	0.086	0.370	0.220
2.500	-0.764	11.193	0.500	0.500	1.000	1.001	0.057	0.077	0.133
2.750	-0.817	1.360	0.500	0.500	1.000	1.037	0.057	0.056	0.087
3.000	-0.849	2.644	0.500	0.500	1.000	1.034	0.050	0.099	0.074
3.250	-0.887	4.130	0.500	0.500	1.000	1.058	0.039	0.007	0.071
3.500	-0.881	2.432	0.500	0.500	1.000	1.046	0.046	0.035	0.181
3.750	-0.896	2.141	0.500	0.500	1.000	1.054	0.041	0.004	0.093
4.000	-0.903	1.712	0.500	0.500	1.000	1.053	0.042	0.014	0.081
4.250	-0.916	0.962	0.500	0.500	1.000	1.063	0.041	0.011	0.122
4.500	-0.913	0.664	0.500	0.500	1.000	1.058	0.035	0.009	0.101
4.750	-0.916	1.451	0.500	0.500	1.000	1.066	0.034	0.007	0.075
Report J1/J3 = 0.500 .
0.000	-0.013	0.000	0.500	0.500	1.000	0.153	0.118	0.000	0.000
0.250	-0.050	0.089	0.500	0.500	1.000	0.140	0.120	0.013	0.017
0.500	-0.129	0.683	0.500	0.500	1.000	0.154	0.124	0.114	0.035
0.750	-0.185	0.358	0.500	0.500	1.000	0.185	0.119	0.164	0.099
1.000	-0.249	0.625	0.500	0.500	1.000	0.198	0.124	0.222	0.099
1.250	-0.298	1.033	0.500	0.500	1.000	0.233	0.129	0.154	0.218
1.500	-0.371	6.218	0.500	0.500	1.000	0.331	0.118	1.313	0.065
1.750	-0.519	13.147	0.500	0.500	1.000	0.781	0.123	1.036	0.177
2.000	-0.607	2.751	0.500	0.500	1.000	0.863	0.116	0.223	0.451
2.250	-0.743	10.459	0.500	0.500	1.000	0.997	0.110	0.041	0.635
2.500	-0.849	4.221	0.500	0.500	1.000	1.105	0.083	0.020	0.415
2.750	-0.898	3.710	0.500	0.500	1.000	1.137	0.059	0.008	0.139
3.000	-0.914	2.996	0.500	0.500	1.000	1.141	0.084	0.010	0.016
3.250	-0.921	3.644	0.500	0.500	1.000	1.138	0.065	0.006	0.014
3.500	-0.942	2.098	0.500	0.500	1.000	1.144	0.088	0.003	0.054
3.750	-0.945	1.205	0.500	0.500	1.000	1.144	0.086	0.001	0.023
4.000	-0.956	2.204	0.500	0.500	1.000	1.145	0.090	0.000	0.003
4.250	-0.962	1.718	0.500	0.500	1.000	1.143	0.088	0.005	0.002
4.500	-0.963	0.294	0.500	0.500	1.000	1.145	0.087	0.001	0.008
4.750	-0.962	2.981	0.500	0.500	1.000	1.143	0.088	0.002	0.048
Report J1/J3 = 0.500 .
0.000	-0.003	0.000	0.500	0.500	1.000	0.160	0.114	0.000	0.000
0.250	-0.013	0.016	0.500	0.500	1.000	0.131	0.126	0.062	0.020
0.500	-0.034	0.112	0.500	0.500	1.000	0.146	0.127	0.022	0.085
0.750	-0.039	0.185	0.500	0.500	1.000	0.145	0.115	0.075	0.062
1.000	-0.072	0.418	0.500	0.500	1.000	0.163	0.099	0.217	0.055
1.250	-0.101	0.348	0.500	0.500	1.000	0.173	0.134	0.230	0.062
1.500	-0.143	1.678	0.500	0.500	1.000	0.198	0.108	0.278	0.109
1.750	-0.198	7.858	0.500	0.500	1.000	0.245	0.115	0.635	0.146
2.000	-0.867	8.949	0.500	0.500	1.000	1.192	0.167	0.061	0.131
2.250	-0.935	4.666	0.500	0.500	1.000	1.210	0.146	0.016	0.076
2.500	-0.947	2.141	0.500	0.500	1.000	1.216	0.149	0.012	0.053
2.750	-0.971	0.885	0.500	0.500	1.000	1.217	0.158	0.005	0.027
3.000	-0.979	1.634	0.500	0.500	1.000	1.222	0.161	0.002	0.014
3.250	-0.988	1.246	0.500	0.500	1.000	1.223	0.161	0.002	0.031
3.500	-0.994	0.760	0.500	0.500	1.000	1.224	0.159	0.002	0.009
3.750	-0.997	0.514	0.500	0.500	1.000	1.224	0.159	0.000	0.020
4.000	-0.995	0.618	0.500	0.500	1.000	1.224	0.159	0.001	0.011
4.250	-0.999	0.192	0.500	0.500	1.000	1.225	0.155	0.000	0.005
4.500	-0.998	0.372	0.500	0.500	1.000	1.223	0.158	0.003	0.014
4.750	-1.000	0.050	0.500	0.500	1.000	1.225	0.155	0.000	0.005
Report J1/J3 = 0.500 .
0.000	-0.003	0.000	0.500	0.500	1.000	0.152	0.109	0.000	0.000
0.250	-0.032	0.019	0.500	0.500	1.000	0.127	0.123	0.026	0.018
0.500	-0.062	0.130	0.500	0.500	1.000	0.132	0.113	0.056	0.034
0.750	-0.097	0.449	0.500	0.500	1.000	0.151	0.108	0.121	0.092
1.000	-0.137	1.409	0.500	0.500	1.000	0.183	0.119	0.123	0.064
1.250	-0.178	1.217	0.500	0.500	1.000	0.164	0.125	0.224	0.124
1.500	-0.230	2.761	0.500	0.500	1.000	0.208	0.109	0.646	0.178
1.750	-0.299	6.045	0.500	0.500	1.000	0.267	0.101	0.420	0.084
2.000	-0.497	16.362	0.500	0.500	1.000	0.722	0.080	0.566	0.112
2.250	-0.727	11.883	0.500	0.500	1.000	0.970	0.066	0.106	0.158
2.500	-0.799	15.991	0.500	0.500	1.000	1.002	0.055	0.082	0.112
2.750	-0.850	3.249	0.500	0.500	1.000	1.083	0.051	0.045	0.050
3.000	-0.872	9.390	0.500	0.500	1.000	1.114	0.046	0.036	0.022
3.250	-0.910	2.007	0.500	0.500	1.000	1.142	0.040	0.040	0.036
3.500	-0.915	1.567	0.500	0.500	1.000	1.162	0.049	0.036	0.110
3.750	-0.916	0.308	0.500	0.500	1.000	1.147	0.041	0.018	0.037
4.000	-0.924	0.745	0.500	0.500	1.000	1.162	0.038	0.014	0.034
4.250	-0.928	1.426	0.500	0.500	1.000	1.176	0.046	0.029	0.084
4.500	-0.928	0.456	0.500	0.500	1.000	1.174	0.053	0.013	0.062
4.750	-0.929	1.039	0.500	0.500	1.000	1.181	0.043	0.005	0.066
Time taken is 9428285 microseconds. 
