Report J1/J3 = 0.000 .
0.000   0.002   0.000   0.000   0.000   1.000   0.147   0.122   0.000   0.000
0.250   -0.082  0.059   0.000   0.000   1.000   0.148   0.122   0.040   0.026
0.500   -0.164  0.222   0.000   0.000   1.000   0.152   0.121   0.078   0.049
0.750   -0.242  0.508   0.000   0.000   1.000   0.166   0.122   0.137   0.075
1.000   -0.311  0.922   0.000   0.000   1.000   0.180   0.124   0.206   0.099
1.250   -0.382  1.288   0.000   0.000   1.000   0.205   0.119   0.346   0.106
1.500   -0.448  1.884   0.000   0.000   1.000   0.257   0.122   0.660   0.162
1.750   -0.520  3.276   0.000   0.000   1.000   0.346   0.121   1.514   0.199
2.000   -0.657  8.010   0.000   0.000   1.000   0.642   0.117   2.543   0.295
2.250   -0.775  4.260   0.000   0.000   1.000   0.848   0.121   0.643   0.526
2.500   -0.827  2.950   0.000   0.000   1.000   0.920   0.116   0.411   0.547
2.750   -0.859  2.415   0.000   0.000   1.000   0.967   0.116   0.318   0.648
3.000   -0.881  2.022   0.000   0.000   1.000   0.998   0.118   0.250   0.726
3.250   -0.899  1.694   0.000   0.000   1.000   1.027   0.122   0.227   1.032
3.500   -0.910  1.564   0.000   0.000   1.000   1.047   0.117   0.198   1.049
3.750   -0.920  1.672   0.000   0.000   1.000   1.066   0.113   0.199   1.038
4.000   -0.929  1.307   0.000   0.000   1.000   1.082   0.112   0.167   1.071
4.250   -0.934  1.374   0.000   0.000   1.000   1.091   0.115   0.173   1.382
4.500   -0.940  1.321   0.000   0.000   1.000   1.103   0.115   0.153   1.584
4.750   -0.945  1.187   0.000   0.000   1.000   1.113   0.114   0.125   1.505
Report J1/J3 = 0.250 .
0.000   -0.000  0.000   0.250   0.250   1.000   0.143   0.123   0.000   0.000
0.250   -0.063  0.068   0.250   0.250   1.000   0.150   0.124   0.039   0.024
0.500   -0.122  0.275   0.250   0.250   1.000   0.155   0.120   0.080   0.049
0.750   -0.184  0.540   0.250   0.250   1.000   0.163   0.123   0.132   0.072
1.000   -0.240  0.972   0.250   0.250   1.000   0.185   0.121   0.217   0.097
1.250   -0.292  1.700   0.250   0.250   1.000   0.207   0.121   0.343   0.128
1.500   -0.347  2.099   0.250   0.250   1.000   0.262   0.119   0.702   0.156
1.750   -0.413  4.913   0.250   0.250   1.000   0.396   0.116   1.971   0.189
2.000   -0.534  7.285   0.250   0.250   1.000   0.741   0.110   1.467   0.292
2.250   -0.610  5.112   0.250   0.250   1.000   0.883   0.105   0.534   0.323
2.500   -0.650  3.877   0.250   0.250   1.000   0.944   0.102   0.335   0.432
2.750   -0.684  3.760   0.250   0.250   1.000   0.987   0.097   0.255   0.390
3.000   -0.708  3.179   0.250   0.250   1.000   1.020   0.091   0.221   0.425
3.250   -0.727  3.909   0.250   0.250   1.000   1.042   0.088   0.185   0.390
3.500   -0.748  4.111   0.250   0.250   1.000   1.062   0.084   0.172   0.430
3.750   -0.766  4.609   0.250   0.250   1.000   1.079   0.083   0.170   0.442
4.000   -0.783  4.963   0.250   0.250   1.000   1.095   0.075   0.143   0.474
4.250   -0.801  6.437   0.250   0.250   1.000   1.104   0.071   0.138   0.378
4.500   -0.827  9.192   0.250   0.250   1.000   1.116   0.068   0.112   0.415
4.750   -0.848  9.921   0.250   0.250   1.000   1.122   0.061   0.118   0.341
Report J1/J3 = 0.500 .
0.000   -0.000  0.000   0.500   0.500   1.000   0.145   0.122   0.000   0.000
0.250   -0.063  0.099   0.500   0.500   1.000   0.148   0.123   0.040   0.024
0.500   -0.123  0.348   0.500   0.500   1.000   0.155   0.124   0.076   0.052
0.750   -0.183  1.004   0.500   0.500   1.000   0.165   0.120   0.138   0.079
1.000   -0.244  1.495   0.500   0.500   1.000   0.190   0.118   0.257   0.096
1.250   -0.304  2.354   0.500   0.500   1.000   0.222   0.113   0.436   0.106
1.500   -0.369  4.278   0.500   0.500   1.000   0.303   0.108   1.022   0.120
1.750   -0.474  12.428  0.500   0.500   1.000   0.606   0.100   2.407   0.142
2.000   -0.610  9.048   0.500   0.500   1.000   0.891   0.087   0.416   0.177
2.250   -0.702  12.792  0.500   0.500   1.000   0.969   0.075   0.220   0.176
2.500   -0.796  7.526   0.500   0.500   1.000   1.042   0.064   0.101   0.138
2.750   -0.837  5.307   0.500   0.500   1.000   1.067   0.060   0.087   0.114
3.000   -0.870  4.752   0.500   0.500   1.000   1.096   0.048   0.077   0.102
3.250   -0.892  4.058   0.500   0.500   1.000   1.097   0.043   0.056   0.085
3.500   -0.910  3.536   0.500   0.500   1.000   1.112   0.039   0.025   0.078
3.750   -0.917  2.691   0.500   0.500   1.000   1.110   0.042   0.031   0.092
4.000   -0.925  2.492   0.500   0.500   1.000   1.116   0.044   0.024   0.084
4.250   -0.931  2.062   0.500   0.500   1.000   1.116   0.047   0.018   0.084
4.500   -0.935  1.969   0.500   0.500   1.000   1.118   0.042   0.015   0.087
4.750   -0.938  1.857   0.500   0.500   1.000   1.117   0.037   0.020   0.073
Report J1/J3 = 0.750 .
0.000   -0.000  0.000   0.750   0.750   1.000   0.150   0.123   0.000   0.000
0.250   -0.070  0.132   0.750   0.750   1.000   0.146   0.124   0.033   0.026
0.500   -0.140  0.478   0.750   0.750   1.000   0.156   0.123   0.089   0.049
0.750   -0.212  1.183   0.750   0.750   1.000   0.172   0.117   0.143   0.069
1.000   -0.282  2.041   0.750   0.750   1.000   0.202   0.113   0.262   0.073
1.250   -0.356  3.972   0.750   0.750   1.000   0.252   0.107   0.508   0.086
1.500   -0.461  12.884  0.750   0.750   1.000   0.486   0.095   2.312   0.110
1.750   -0.724  18.721  0.750   0.750   1.000   0.944   0.066   0.255   0.087
2.000   -0.819  6.531   0.750   0.750   1.000   1.012   0.058   0.049   0.082
2.250   -0.861  4.412   0.750   0.750   1.000   1.040   0.051   0.039   0.064
2.500   -0.890  3.535   0.750   0.750   1.000   1.071   0.054   0.039   0.083
2.750   -0.906  2.744   0.750   0.750   1.000   1.069   0.058   0.029   0.070
3.000   -0.917  2.134   0.750   0.750   1.000   1.069   0.059   0.022   0.062
3.250   -0.923  1.686   0.750   0.750   1.000   1.070   0.054   0.026   0.053
3.500   -0.929  1.440   0.750   0.750   1.000   1.069   0.053   0.028   0.064
3.750   -0.934  1.170   0.750   0.750   1.000   1.074   0.052   0.034   0.050
4.000   -0.937  0.957   0.750   0.750   1.000   1.073   0.049   0.028   0.046
4.250   -0.939  0.830   0.750   0.750   1.000   1.076   0.053   0.021   0.041
4.500   -0.939  0.765   0.750   0.750   1.000   1.078   0.051   0.020   0.047
4.750   -0.940  0.692   0.750   0.750   1.000   1.076   0.052   0.034   0.048
Time taken is 130102546 microseconds. 
