Report J1/J3 = -1.000 .
0.000   -0.035  0.000   -1.000  -1.000  1.000   0.145   0.122   0.000   0.000
0.500   0.466   0.751   -1.000  -1.000  1.000   0.159   0.119   0.081   0.048
1.000   0.971   3.143   -1.000  -1.000  1.000   0.216   0.107   0.313   0.074
1.500   2.241   19.773  -1.000  -1.000  1.000   0.953   0.064   0.350   0.067
2.000   2.617   4.046   -1.000  -1.000  1.000   1.032   0.056   0.063   0.071
2.500   2.715   2.226   -1.000  -1.000  1.000   1.064   0.054   0.032   0.049
3.000   2.752   1.248   -1.000  -1.000  1.000   1.075   0.046   0.018   0.046
3.500   2.769   0.837   -1.000  -1.000  1.000   1.077   0.044   0.018   0.047
4.000   2.779   0.583   -1.000  -1.000  1.000   1.079   0.043   0.014   0.045
4.500   2.783   0.476   -1.000  -1.000  1.000   1.080   0.042   0.012   0.043
5.000   2.786   0.421   -1.000  -1.000  1.000   1.080   0.041   0.014   0.043
5.500   2.788   0.393   -1.000  -1.000  1.000   1.080   0.040   0.014   0.044
6.000   2.791   0.320   -1.000  -1.000  1.000   1.080   0.040   0.012   0.042
6.500   2.792   0.336   -1.000  -1.000  1.000   1.081   0.039   0.011   0.042
7.000   2.793   0.348   -1.000  -1.000  1.000   1.080   0.039   0.014   0.045
7.500   2.795   0.350   -1.000  -1.000  1.000   1.080   0.038   0.012   0.041
8.000   2.796   0.362   -1.000  -1.000  1.000   1.080   0.037   0.013   0.044
8.500   2.796   0.382   -1.000  -1.000  1.000   1.079   0.037   0.013   0.044
9.000   2.797   0.360   -1.000  -1.000  1.000   1.079   0.036   0.014   0.047
9.500   2.828   90.522  -1.000  -1.000  1.000   1.079   0.036   0.015   0.048
Report J1/J3 = -0.950 .
0.000   -0.035  0.000   -0.950  -0.950  1.000   0.145   0.122   0.000   0.000
0.500   0.486   0.723   -0.950  -0.950  1.000   0.158   0.119   0.082   0.045
1.000   1.010   2.851   -0.950  -0.950  1.000   0.211   0.109   0.302   0.078
1.500   2.328   15.657  -0.950  -0.950  1.000   0.937   0.066   0.296   0.070
2.000   2.822   4.340   -0.950  -0.950  1.000   1.059   0.049   0.057   0.055
2.500   2.957   2.024   -0.950  -0.950  1.000   1.081   0.039   0.015   0.042
3.000   3.001   1.189   -0.950  -0.950  1.000   1.089   0.040   0.011   0.040
3.500   3.018   0.769   -0.950  -0.950  1.000   1.092   0.040   0.012   0.042
4.000   3.027   0.500   -0.950  -0.950  1.000   1.094   0.039   0.012   0.046
4.500   3.031   0.357   -0.950  -0.950  1.000   1.093   0.039   0.012   0.052
5.000   3.033   0.311   -0.950  -0.950  1.000   1.092   0.038   0.016   0.056
5.500   3.033   0.293   -0.950  -0.950  1.000   1.088   0.036   0.022   0.051
6.000   3.037   0.212   -0.950  -0.950  1.000   1.096   0.039   0.014   0.068
6.500   3.038   0.186   -0.950  -0.950  1.000   1.096   0.038   0.015   0.069
7.000   3.038   0.219   -0.950  -0.950  1.000   1.096   0.038   0.014   0.075
7.500   3.039   0.191   -0.950  -0.950  1.000   1.094   0.038   0.014   0.083
8.000   3.040   0.183   -0.950  -0.950  1.000   1.095   0.038   0.015   0.081
8.500   3.040   0.210   -0.950  -0.950  1.000   1.098   0.038   0.016   0.088
9.000   3.041   0.192   -0.950  -0.950  1.000   1.095   0.038   0.018   0.096
9.500   3.081   98.110  -0.950  -0.950  1.000   1.093   0.038   0.014   0.100
Report J1/J3 = -0.900 .
0.000   -0.071  0.000   -0.900  -0.900  1.000   0.145   0.122   0.000   0.000
0.500   0.472   0.655   -0.900  -0.900  1.000   0.158   0.119   0.078   0.047
1.000   1.022   2.722   -0.900  -0.900  1.000   0.207   0.110   0.280   0.078
1.500   2.273   25.213  -0.900  -0.900  1.000   0.866   0.073   0.582   0.081
2.000   2.947   5.225   -0.900  -0.900  1.000   1.016   0.046   0.056   0.054
2.500   3.086   2.873   -0.900  -0.900  1.000   1.029   0.049   0.028   0.049
3.000   3.162   1.403   -0.900  -0.900  1.000   1.040   0.045   0.013   0.039
3.500   3.186   0.873   -0.900  -0.900  1.000   1.043   0.041   0.011   0.031
4.000   3.197   0.587   -0.900  -0.900  1.000   1.044   0.041   0.010   0.031
4.500   3.202   0.430   -0.900  -0.900  1.000   1.044   0.040   0.012   0.034
5.000   3.206   0.299   -0.900  -0.900  1.000   1.045   0.040   0.010   0.034
5.500   3.208   0.272   -0.900  -0.900  1.000   1.045   0.039   0.012   0.035
6.000   3.210   0.228   -0.900  -0.900  1.000   1.046   0.039   0.012   0.035
6.500   3.211   0.232   -0.900  -0.900  1.000   1.046   0.039   0.012   0.036
7.000   3.212   0.195   -0.900  -0.900  1.000   1.046   0.039   0.013   0.039
7.500   3.213   0.226   -0.900  -0.900  1.000   1.046   0.038   0.014   0.039
8.000   3.214   0.233   -0.900  -0.900  1.000   1.046   0.038   0.015   0.041
8.500   3.214   0.240   -0.900  -0.900  1.000   1.046   0.038   0.015   0.043
9.000   3.215   0.226   -0.900  -0.900  1.000   1.046   0.038   0.016   0.045
9.500   3.253   82.579  -0.900  -0.900  1.000   1.046   0.037   0.017   0.049
Report J1/J3 = -0.850 .
0.000   -0.019  0.000   -0.850  -0.850  1.000   0.145   0.122   0.000   0.000
0.500   0.570   0.615   -0.850  -0.850  1.000   0.156   0.120   0.083   0.048
1.000   1.154   2.516   -0.850  -0.850  1.000   0.202   0.111   0.272   0.079
1.500   2.200   35.630  -0.850  -0.850  1.000   0.724   0.084   1.882   0.098
2.000   3.302   6.781   -0.850  -0.850  1.000   1.025   0.050   0.066   0.059
2.500   3.500   2.881   -0.850  -0.850  1.000   1.037   0.061   0.028   0.056
3.000   3.577   1.575   -0.850  -0.850  1.000   1.054   0.061   0.014   0.045
3.500   3.608   0.948   -0.850  -0.850  1.000   1.055   0.059   0.012   0.041
4.000   3.622   0.647   -0.850  -0.850  1.000   1.057   0.060   0.010   0.039
4.500   3.628   0.418   -0.850  -0.850  1.000   1.058   0.061   0.010   0.043
5.000   3.632   0.302   -0.850  -0.850  1.000   1.059   0.062   0.009   0.040
5.500   3.635   0.237   -0.850  -0.850  1.000   1.059   0.062   0.009   0.042
6.000   3.636   0.212   -0.850  -0.850  1.000   1.060   0.062   0.009   0.043
6.500   3.638   0.178   -0.850  -0.850  1.000   1.059   0.062   0.009   0.044
7.000   3.638   0.193   -0.850  -0.850  1.000   1.059   0.062   0.009   0.047
7.500   3.639   0.182   -0.850  -0.850  1.000   1.060   0.062   0.010   0.048
8.000   3.640   0.160   -0.850  -0.850  1.000   1.060   0.062   0.010   0.048
8.500   3.640   0.165   -0.850  -0.850  1.000   1.060   0.063   0.010   0.050
9.000   3.641   0.171   -0.850  -0.850  1.000   1.060   0.062   0.011   0.052
9.500   3.670   59.547  -0.850  -0.850  1.000   1.060   0.063   0.011   0.058
Report J1/J3 = -0.800 .
0.000   -0.057  0.000   -0.800  -0.800  1.000   0.145   0.122   0.000   0.000
0.500   0.574   0.548   -0.800  -0.800  1.000   0.157   0.120   0.079   0.048
1.000   1.211   2.344   -0.800  -0.800  1.000   0.202   0.112   0.266   0.082
1.500   2.129   20.436  -0.800  -0.800  1.000   0.585   0.091   2.341   0.103
2.000   3.586   6.779   -0.800  -0.800  1.000   1.034   0.054   0.106   0.070
2.500   3.809   3.661   -0.800  -0.800  1.000   1.048   0.049   0.039   0.071
3.000   3.934   2.074   -0.800  -0.800  1.000   1.064   0.036   0.022   0.060
3.500   3.973   1.441   -0.800  -0.800  1.000   1.066   0.034   0.030   0.055
4.000   3.999   0.995   -0.800  -0.800  1.000   1.071   0.032   0.019   0.053
4.500   4.012   0.718   -0.800  -0.800  1.000   1.073   0.031   0.017   0.057
5.000   4.019   0.506   -0.800  -0.800  1.000   1.074   0.030   0.014   0.054
5.500   4.024   0.386   -0.800  -0.800  1.000   1.074   0.030   0.016   0.057
6.000   4.027   0.306   -0.800  -0.800  1.000   1.075   0.029   0.017   0.061
6.500   4.029   0.288   -0.800  -0.800  1.000   1.075   0.029   0.016   0.062
7.000   4.031   0.276   -0.800  -0.800  1.000   1.074   0.028   0.019   0.060
7.500   4.032   0.253   -0.800  -0.800  1.000   1.077   0.028   0.017   0.067
8.000   4.033   0.238   -0.800  -0.800  1.000   1.075   0.028   0.018   0.065
8.500   4.034   0.250   -0.800  -0.800  1.000   1.075   0.027   0.020   0.066
9.000   4.035   0.255   -0.800  -0.800  1.000   1.075   0.027   0.020   0.075
9.500   4.036   0.235   -0.800  -0.800  1.000   1.076   0.027   0.021   0.074
Report J1/J3 = -0.750 .
0.000   -0.038  0.000   -0.750  -0.750  1.000   0.146   0.122   0.000   0.000
0.500   0.670   0.542   -0.750  -0.750  1.000   0.156   0.121   0.080   0.049
1.000   1.374   2.184   -0.750  -0.750  1.000   0.199   0.112   0.269   0.083
1.500   2.256   11.927  -0.750  -0.750  1.000   0.470   0.096   2.147   0.105
2.000   4.045   7.926   -0.750  -0.750  1.000   1.007   0.057   0.125   0.080
2.500   4.395   4.025   -0.750  -0.750  1.000   1.041   0.043   0.048   0.062
3.000   4.544   2.444   -0.750  -0.750  1.000   1.060   0.037   0.037   0.049
3.500   4.610   1.507   -0.750  -0.750  1.000   1.067   0.034   0.023   0.045
4.000   4.650   0.977   -0.750  -0.750  1.000   1.073   0.034   0.023   0.031
4.500   4.669   0.745   -0.750  -0.750  1.000   1.076   0.034   0.024   0.033
5.000   4.679   0.558   -0.750  -0.750  1.000   1.079   0.034   0.026   0.029
5.500   4.685   0.400   -0.750  -0.750  1.000   1.081   0.034   0.018   0.028
6.000   4.688   0.345   -0.750  -0.750  1.000   1.082   0.033   0.020   0.025
6.500   4.690   0.277   -0.750  -0.750  1.000   1.083   0.033   0.018   0.025
7.000   4.692   0.269   -0.750  -0.750  1.000   1.083   0.033   0.016   0.024
7.500   4.694   0.223   -0.750  -0.750  1.000   1.085   0.033   0.011   0.020
8.000   4.695   0.257   -0.750  -0.750  1.000   1.084   0.033   0.017   0.022
8.500   4.697   0.217   -0.750  -0.750  1.000   1.085   0.033   0.015   0.019
9.000   4.697   0.223   -0.750  -0.750  1.000   1.085   0.033   0.013   0.020
9.500   4.698   0.212   -0.750  -0.750  1.000   1.085   0.033   0.010   0.018
Report J1/J3 = -0.700 .
0.000   -0.054  0.000   -0.700  -0.700  1.000   0.146   0.122   0.000   0.000
0.500   0.794   0.473   -0.700  -0.700  1.000   0.156   0.121   0.079   0.049
1.000   1.622   2.005   -0.700  -0.700  1.000   0.197   0.114   0.256   0.084
1.500   2.587   8.797   -0.700  -0.700  1.000   0.423   0.099   1.796   0.109
2.000   4.802   9.455   -0.700  -0.700  1.000   1.030   0.059   0.177   0.082
2.500   5.244   4.697   -0.700  -0.700  1.000   1.054   0.048   0.081   0.071
3.000   5.422   2.931   -0.700  -0.700  1.000   1.055   0.040   0.034   0.054
3.500   5.524   1.702   -0.700  -0.700  1.000   1.060   0.034   0.016   0.041
4.000   5.584   1.271   -0.700  -0.700  1.000   1.070   0.044   0.014   0.043
4.500   5.609   0.873   -0.700  -0.700  1.000   1.071   0.044   0.013   0.043
5.000   5.624   0.610   -0.700  -0.700  1.000   1.072   0.043   0.010   0.043
5.500   5.631   0.490   -0.700  -0.700  1.000   1.072   0.042   0.011   0.043
6.000   5.637   0.371   -0.700  -0.700  1.000   1.073   0.043   0.010   0.049
6.500   5.640   0.276   -0.700  -0.700  1.000   1.073   0.042   0.009   0.046
7.000   5.643   0.253   -0.700  -0.700  1.000   1.073   0.041   0.010   0.048
7.500   5.644   0.216   -0.700  -0.700  1.000   1.073   0.041   0.010   0.051
8.000   5.647   0.218   -0.700  -0.700  1.000   1.073   0.041   0.011   0.049
8.500   5.647   0.195   -0.700  -0.700  1.000   1.072   0.041   0.010   0.057
9.000   5.648   0.180   -0.700  -0.700  1.000   1.072   0.041   0.012   0.058
9.500   5.650   0.204   -0.700  -0.700  1.000   1.072   0.041   0.011   0.063
Report J1/J3 = -0.650 .
0.000   -0.105  0.000   -0.650  -0.650  1.000   0.146   0.122   0.000   0.000
0.500   0.931   0.469   -0.650  -0.650  1.000   0.155   0.121   0.079   0.050
1.000   1.993   1.866   -0.650  -0.650  1.000   0.193   0.115   0.239   0.087
1.500   3.149   6.831   -0.650  -0.650  1.000   0.376   0.102   1.541   0.110
2.000   5.845   10.981  -0.650  -0.650  1.000   0.997   0.064   0.200   0.100
2.500   6.776   4.933   -0.650  -0.650  1.000   1.103   0.047   0.059   0.071
3.000   7.140   3.169   -0.650  -0.650  1.000   1.143   0.042   0.035   0.058
3.500   7.268   2.229   -0.650  -0.650  1.000   1.150   0.033   0.021   0.053
4.000   7.364   1.232   -0.650  -0.650  1.000   1.158   0.029   0.004   0.045
4.500   7.395   0.817   -0.650  -0.650  1.000   1.158   0.028   0.004   0.047
5.000   7.413   0.597   -0.650  -0.650  1.000   1.158   0.028   0.004   0.056
5.500   7.424   0.417   -0.650  -0.650  1.000   1.158   0.027   0.004   0.056
6.000   7.430   0.319   -0.650  -0.650  1.000   1.158   0.027   0.004   0.059
6.500   7.433   0.235   -0.650  -0.650  1.000   1.158   0.026   0.004   0.065
7.000   7.436   0.169   -0.650  -0.650  1.000   1.158   0.026   0.004   0.064
7.500   7.438   0.155   -0.650  -0.650  1.000   1.158   0.025   0.004   0.073
8.000   7.439   0.136   -0.650  -0.650  1.000   1.158   0.025   0.004   0.078
8.500   7.441   0.125   -0.650  -0.650  1.000   1.158   0.025   0.004   0.078
9.000   7.441   0.119   -0.650  -0.650  1.000   1.158   0.025   0.004   0.082
9.500   7.442   0.110   -0.650  -0.650  1.000   1.158   0.025   0.004   0.093
Report J1/J3 = -0.600 .
0.000   -0.115  0.000   -0.600  -0.600  1.000   0.146   0.122   0.000   0.000
0.500   1.270   0.429   -0.600  -0.600  1.000   0.156   0.121   0.082   0.050
1.000   2.689   1.679   -0.600  -0.600  1.000   0.190   0.116   0.240   0.090
1.500   4.224   5.622   -0.600  -0.600  1.000   0.343   0.104   1.264   0.115
2.000   7.842   13.566  -0.600  -0.600  1.000   0.980   0.070   0.262   0.121
2.500   9.181   5.561   -0.600  -0.600  1.000   1.037   0.052   0.085   0.089
3.000   9.720   3.787   -0.600  -0.600  1.000   1.067   0.043   0.040   0.077
3.500   10.005  3.278   -0.600  -0.600  1.000   1.089   0.042   0.054   0.086
4.000   10.162  1.853   -0.600  -0.600  1.000   1.096   0.033   0.016   0.055
4.500   10.171  1.322   -0.600  -0.600  1.000   1.086   0.033   0.024   0.055
5.000   10.211  0.945   -0.600  -0.600  1.000   1.087   0.032   0.025   0.061
5.500   10.238  0.698   -0.600  -0.600  1.000   1.088   0.031   0.020   0.060
6.000   10.252  0.567   -0.600  -0.600  1.000   1.088   0.030   0.023   0.057
6.500   10.265  0.423   -0.600  -0.600  1.000   1.090   0.030   0.016   0.057
7.000   10.271  0.349   -0.600  -0.600  1.000   1.090   0.029   0.012   0.057
7.500   10.278  0.272   -0.600  -0.600  1.000   1.090   0.029   0.009   0.056
8.000   10.280  0.253   -0.600  -0.600  1.000   1.090   0.029   0.012   0.058
8.500   10.284  0.228   -0.600  -0.600  1.000   1.090   0.029   0.009   0.064
9.000   10.286  0.195   -0.600  -0.600  1.000   1.090   0.029   0.010   0.064
9.500   10.287  0.191   -0.600  -0.600  1.000   1.091   0.029   0.010   0.066
Report J1/J3 = -0.550 .
0.000   -0.264  0.000   -0.550  -0.550  1.000   0.146   0.122   0.000   0.000
0.500   2.290   0.402   -0.550  -0.550  1.000   0.154   0.121   0.077   0.047
1.000   4.945   1.568   -0.550  -0.550  1.000   0.189   0.117   0.239   0.092
1.500   7.721   4.522   -0.550  -0.550  1.000   0.321   0.108   1.108   0.120
2.000   13.261  15.603  -0.550  -0.550  1.000   0.911   0.081   0.429   0.160
2.500   16.837  7.195   -0.550  -0.550  1.000   1.021   0.056   0.112   0.107
3.000   18.041  5.188   -0.550  -0.550  1.000   1.041   0.047   0.056   0.091
3.500   18.660  3.561   -0.550  -0.550  1.000   1.068   0.042   0.034   0.085
4.000   18.928  2.709   -0.550  -0.550  1.000   1.070   0.037   0.031   0.093
4.500   19.165  1.798   -0.550  -0.550  1.000   1.072   0.037   0.018   0.088
5.000   19.335  1.463   -0.550  -0.550  1.000   1.076   0.035   0.020   0.083
5.500   19.447  1.104   -0.550  -0.550  1.000   1.081   0.033   0.015   0.072
6.000   19.487  0.841   -0.550  -0.550  1.000   1.082   0.033   0.014   0.072
6.500   19.519  0.704   -0.550  -0.550  1.000   1.082   0.033   0.012   0.069
7.000   19.542  0.607   -0.550  -0.550  1.000   1.082   0.032   0.013   0.073
7.500   19.555  0.540   -0.550  -0.550  1.000   1.083   0.032   0.013   0.072
8.000   19.575  0.434   -0.550  -0.550  1.000   1.082   0.032   0.012   0.067
8.500   19.585  0.399   -0.550  -0.550  1.000   1.082   0.032   0.014   0.064
9.000   19.591  0.380   -0.550  -0.550  1.000   1.082   0.031   0.014   0.062
9.500   19.599  0.377   -0.550  -0.550  1.000   1.082   0.031   0.014   0.063
Report J1/J3 = -0.500 .
0.000   inf     0.000   -0.500  -0.500  1.000   0.145   0.122   0.000   0.000
0.500   -inf    0.355   -0.500  -0.500  1.000   0.155   0.122   0.080   0.049
1.000   -inf    1.398   -0.500  -0.500  1.000   0.188   0.117   0.227   0.093
1.500   -inf    3.873   -0.500  -0.500  1.000   0.304   0.109   0.977   0.122
2.000   -inf    9.895   -0.500  -0.500  1.000   0.871   0.087   0.552   0.187
2.500   -inf    8.227   -0.500  -0.500  1.000   1.044   0.061   0.150   0.130
3.000   -inf    5.022   -0.500  -0.500  1.000   1.090   0.049   0.077   0.104
3.500   -inf    3.355   -0.500  -0.500  1.000   1.114   0.044   0.049   0.090
4.000   -inf    2.587   -0.500  -0.500  1.000   1.112   0.043   0.028   0.096
4.500   -inf    2.008   -0.500  -0.500  1.000   1.122   0.039   0.023   0.075
5.000   -inf    1.772   -0.500  -0.500  1.000   1.121   0.038   0.019   0.073
5.500   -inf    1.183   -0.500  -0.500  1.000   1.124   0.035   0.018   0.067
6.000   -inf    0.875   -0.500  -0.500  1.000   1.125   0.034   0.020   0.068
6.500   -inf    0.736   -0.500  -0.500  1.000   1.125   0.034   0.023   0.071
7.000   -inf    0.593   -0.500  -0.500  1.000   1.125   0.034   0.021   0.076
7.500   -inf    0.472   -0.500  -0.500  1.000   1.125   0.033   0.023   0.075
8.000   -inf    0.400   -0.500  -0.500  1.000   1.124   0.032   0.022   0.074
8.500   -inf    0.351   -0.500  -0.500  1.000   1.126   0.032   0.025   0.079
9.000   -inf    0.314   -0.500  -0.500  1.000   1.126   0.032   0.022   0.074
9.500   -inf    181.581 -0.500  -0.500  1.000   1.125   0.032   0.022   0.076
Report J1/J3 = -0.450 .
0.000   0.334   0.000   -0.450  -0.450  1.000   0.145   0.122   0.000   0.000
0.500   -1.985  0.345   -0.450  -0.450  1.000   0.155   0.121   0.078   0.050
1.000   -4.231  1.302   -0.450  -0.450  1.000   0.185   0.118   0.221   0.093
1.500   -6.481  3.440   -0.450  -0.450  1.000   0.291   0.112   0.896   0.132
2.000   -10.638 7.905   -0.450  -0.450  1.000   0.848   0.093   0.593   0.211
2.500   -13.829 12.881  -0.450  -0.450  1.000   1.015   0.071   0.219   0.182
3.000   -15.774 5.824   -0.450  -0.450  1.000   1.086   0.056   0.086   0.139
3.500   -16.549 3.893   -0.450  -0.450  1.000   1.104   0.046   0.047   0.103
4.000   -17.032 3.420   -0.450  -0.450  1.000   1.117   0.045   0.053   0.121
4.500   -17.318 3.461   -0.450  -0.450  1.000   1.125   0.044   0.040   0.118
5.000   -17.601 1.996   -0.450  -0.450  1.000   1.133   0.042   0.016   0.101
5.500   -17.680 1.538   -0.450  -0.450  1.000   1.130   0.043   0.015   0.103
6.000   -17.736 1.318   -0.450  -0.450  1.000   1.132   0.043   0.020   0.119
6.500   -17.770 1.073   -0.450  -0.450  1.000   1.132   0.042   0.024   0.114
7.000   -17.805 0.851   -0.450  -0.450  1.000   1.133   0.043   0.021   0.124
7.500   -17.827 0.706   -0.450  -0.450  1.000   1.134   0.043   0.023   0.127
8.000   -17.845 0.556   -0.450  -0.450  1.000   1.134   0.043   0.022   0.126
8.500   -17.857 0.463   -0.450  -0.450  1.000   1.135   0.043   0.024   0.132
9.000   -17.869 0.381   -0.450  -0.450  1.000   1.136   0.043   0.021   0.141
9.500   -18.519 207.118 -0.450  -0.450  1.000   1.134   0.043   0.028   0.132
Report J1/J3 = -0.400 .
0.000   0.113   0.000   -0.400  -0.400  1.000   0.146   0.122   0.000   0.000
0.500   -0.983  0.316   -0.400  -0.400  1.000   0.155   0.121   0.073   0.049
1.000   -2.022  1.204   -0.400  -0.400  1.000   0.184   0.119   0.227   0.098
1.500   -3.052  2.982   -0.400  -0.400  1.000   0.282   0.113   0.839   0.139
2.000   -4.910  8.285   -0.400  -0.400  1.000   0.815   0.097   0.833   0.222
2.500   -6.068  8.676   -0.400  -0.400  1.000   0.984   0.082   0.261   0.236
3.000   -7.076  7.647   -0.400  -0.400  1.000   1.050   0.069   0.149   0.211
3.500   -7.630  5.260   -0.400  -0.400  1.000   1.080   0.062   0.087   0.169
4.000   -7.910  4.301   -0.400  -0.400  1.000   1.106   0.060   0.058   0.163
4.500   -8.132  3.571   -0.400  -0.400  1.000   1.107   0.054   0.066   0.126
5.000   -8.292  2.694   -0.400  -0.400  1.000   1.128   0.046   0.054   0.150
5.500   -8.359  2.178   -0.400  -0.400  1.000   1.130   0.045   0.050   0.116
6.000   -8.417  1.793   -0.400  -0.400  1.000   1.132   0.041   0.054   0.097
6.500   -8.452  1.387   -0.400  -0.400  1.000   1.139   0.047   0.035   0.119
7.000   -8.472  1.213   -0.400  -0.400  1.000   1.143   0.049   0.031   0.127
7.500   -8.488  0.987   -0.400  -0.400  1.000   1.142   0.049   0.047   0.134
8.000   -8.503  0.803   -0.400  -0.400  1.000   1.146   0.049   0.024   0.131
8.500   -8.511  0.664   -0.400  -0.400  1.000   1.145   0.049   0.041   0.123
9.000   -8.519  0.582   -0.400  -0.400  1.000   1.147   0.049   0.018   0.138
9.500   -8.912  173.752 -0.400  -0.400  1.000   1.146   0.050   0.029   0.150
Report J1/J3 = -0.350 .
0.000   0.051   0.000   -0.350  -0.350  1.000   0.145   0.122   0.000   0.000
0.500   -0.630  0.311   -0.350  -0.350  1.000   0.154   0.122   0.079   0.049
1.000   -1.281  1.114   -0.350  -0.350  1.000   0.183   0.119   0.217   0.093
1.500   -1.910  2.706   -0.350  -0.350  1.000   0.275   0.115   0.750   0.134
2.000   -3.035  7.924   -0.350  -0.350  1.000   0.788   0.101   1.044   0.243
2.500   -3.711  5.287   -0.350  -0.350  1.000   0.971   0.089   0.268   0.290
3.000   -4.147  7.708   -0.350  -0.350  1.000   1.032   0.077   0.196   0.277
3.500   -4.556  6.959   -0.350  -0.350  1.000   1.059   0.063   0.180   0.216
4.000   -4.899  7.921   -0.350  -0.350  1.000   1.122   0.053   0.190   0.189
4.500   -5.045  6.628   -0.350  -0.350  1.000   1.125   0.048   0.233   0.182
5.000   -5.254  4.159   -0.350  -0.350  1.000   1.177   0.040   0.034   0.179
5.500   -5.325  3.756   -0.350  -0.350  1.000   1.183   0.037   0.029   0.188
6.000   -5.363  2.969   -0.350  -0.350  1.000   1.182   0.034   0.016   0.178
6.500   -5.416  2.434   -0.350  -0.350  1.000   1.190   0.034   0.016   0.158
7.000   -5.454  1.999   -0.350  -0.350  1.000   1.198   0.035   0.009   0.160
7.500   -5.473  1.649   -0.350  -0.350  1.000   1.199   0.034   0.008   0.165
8.000   -5.488  1.382   -0.350  -0.350  1.000   1.201   0.032   0.006   0.168
8.500   -5.498  1.170   -0.350  -0.350  1.000   1.202   0.033   0.005   0.161
9.000   -5.506  0.997   -0.350  -0.350  1.000   1.202   0.033   0.005   0.159
9.500   -5.862  148.191 -0.350  -0.350  1.000   1.203   0.032   0.004   0.157
Report J1/J3 = -0.300 .
0.000   0.038   0.000   -0.300  -0.300  1.000   0.145   0.122   0.000   0.000
0.500   -0.447  0.282   -0.300  -0.300  1.000   0.154   0.121   0.080   0.049
1.000   -0.906  1.047   -0.300  -0.300  1.000   0.182   0.120   0.215   0.097
1.500   -1.341  2.443   -0.300  -0.300  1.000   0.269   0.116   0.720   0.141
2.000   -2.098  7.478   -0.300  -0.300  1.000   0.756   0.106   1.261   0.253
2.500   -2.576  4.586   -0.300  -0.300  1.000   0.956   0.094   0.315   0.335
3.000   -2.827  4.861   -0.300  -0.300  1.000   1.029   0.085   0.204   0.351
3.500   -3.056  7.238   -0.300  -0.300  1.000   1.068   0.079   0.156   0.393
4.000   -3.272  7.545   -0.300  -0.300  1.000   1.095   0.069   0.151   0.345
4.500   -3.470  8.495   -0.300  -0.300  1.000   1.133   0.056   0.167   0.276
5.000   -3.606  6.332   -0.300  -0.300  1.000   1.163   0.048   0.071   0.227
5.500   -3.698  4.642   -0.300  -0.300  1.000   1.179   0.041   0.037   0.212
6.000   -3.746  4.349   -0.300  -0.300  1.000   1.185   0.038   0.031   0.221
6.500   -3.790  3.430   -0.300  -0.300  1.000   1.190   0.035   0.022   0.204
7.000   -3.823  2.571   -0.300  -0.300  1.000   1.195   0.034   0.011   0.208
7.500   -3.842  2.262   -0.300  -0.300  1.000   1.197   0.031   0.009   0.207
8.000   -3.855  1.992   -0.300  -0.300  1.000   1.199   0.028   0.008   0.231
8.500   -3.866  1.619   -0.300  -0.300  1.000   1.200   0.027   0.006   0.230
9.000   -3.874  1.544   -0.300  -0.300  1.000   1.201   0.027   0.006   0.250
9.500   -4.184  114.616 -0.300  -0.300  1.000   1.202   0.025   0.005   0.236
Report J1/J3 = -0.250 .
0.000   0.033   0.000   -0.250  -0.250  1.000   0.145   0.122   0.000   0.000
0.500   -0.337  0.261   -0.250  -0.250  1.000   0.155   0.121   0.078   0.047
1.000   -0.683  0.968   -0.250  -0.250  1.000   0.182   0.121   0.216   0.098
1.500   -1.006  2.256   -0.250  -0.250  1.000   0.263   0.118   0.720   0.146
2.000   -1.560  7.990   -0.250  -0.250  1.000   0.729   0.110   1.618   0.276
2.500   -1.921  3.897   -0.250  -0.250  1.000   0.945   0.100   0.332   0.392
3.000   -2.098  4.291   -0.250  -0.250  1.000   1.027   0.091   0.306   0.449
3.500   -2.204  3.842   -0.250  -0.250  1.000   1.061   0.084   0.183   0.448
4.000   -2.311  5.444   -0.250  -0.250  1.000   1.091   0.077   0.141   0.432
4.500   -2.452  9.661   -0.250  -0.250  1.000   1.114   0.067   0.133   0.393
5.000   -2.600  7.887   -0.250  -0.250  1.000   1.148   0.056   0.091   0.328
5.500   -2.684  7.348   -0.250  -0.250  1.000   1.164   0.049   0.085   0.297
6.000   -2.747  5.505   -0.250  -0.250  1.000   1.178   0.044   0.042   0.277
6.500   -2.789  4.868   -0.250  -0.250  1.000   1.184   0.041   0.035   0.263
7.000   -2.820  4.460   -0.250  -0.250  1.000   1.189   0.039   0.029   0.270
7.500   -2.846  3.282   -0.250  -0.250  1.000   1.195   0.034   0.014   0.260
8.000   -2.862  2.834   -0.250  -0.250  1.000   1.197   0.031   0.009   0.249
8.500   -2.876  2.432   -0.250  -0.250  1.000   1.199   0.031   0.009   0.250
9.000   -2.905  20.090  -0.250  -0.250  1.000   1.200   0.031   0.007   0.254
9.500   -3.154  9.277   -0.250  -0.250  1.000   1.201   0.031   0.006   0.223
Report J1/J3 = -0.200 .
0.000   0.023   0.000   -0.200  -0.200  1.000   0.146   0.122   0.000   0.000
0.500   -0.272  0.249   -0.200  -0.200  1.000   0.154   0.122   0.079   0.047
1.000   -0.547  0.917   -0.200  -0.200  1.000   0.180   0.121   0.212   0.099
1.500   -0.799  2.078   -0.200  -0.200  1.000   0.258   0.119   0.659   0.156
2.000   -1.225  7.679   -0.200  -0.200  1.000   0.703   0.114   1.784   0.307
2.500   -1.516  3.696   -0.200  -0.200  1.000   0.937   0.105   0.354   0.445
3.000   -1.638  2.910   -0.200  -0.200  1.000   1.013   0.099   0.230   0.536
3.500   -1.739  3.881   -0.200  -0.200  1.000   1.083   0.092   0.291   0.597
4.000   -1.816  3.300   -0.200  -0.200  1.000   1.130   0.084   0.121   0.629
4.500   -1.872  3.923   -0.200  -0.200  1.000   1.150   0.079   0.083   0.632
5.000   -1.934  5.708   -0.200  -0.200  1.000   1.162   0.072   0.059   0.589
5.500   -2.002  7.180   -0.200  -0.200  1.000   1.170   0.065   0.044   0.566
6.000   -2.055  6.919   -0.200  -0.200  1.000   1.176   0.057   0.034   0.457
6.500   -2.099  5.281   -0.200  -0.200  1.000   1.182   0.053   0.028   0.438
7.000   -2.127  4.578   -0.200  -0.200  1.000   1.185   0.049   0.026   0.406
7.500   -2.153  4.719   -0.200  -0.200  1.000   1.188   0.044   0.023   0.328
8.000   -2.168  3.853   -0.200  -0.200  1.000   1.190   0.044   0.021   0.417
8.500   -2.211  49.573  -0.200  -0.200  1.000   1.193   0.042   0.019   0.356
9.000   -2.398  16.742  -0.200  -0.200  1.000   1.195   0.032   0.018   0.212
9.500   -2.420  3.170   -0.200  -0.200  1.000   1.196   0.037   0.016   0.341
Report J1/J3 = -0.150 .
0.000   0.023   0.000   -0.150  -0.150  1.000   0.145   0.122   0.000   0.000
0.500   -0.223  0.249   -0.150  -0.150  1.000   0.154   0.122   0.079   0.050
1.000   -0.448  0.910   -0.150  -0.150  1.000   0.181   0.121   0.214   0.099
1.500   -0.655  2.026   -0.150  -0.150  1.000   0.258   0.120   0.644   0.151
2.000   -0.995  7.792   -0.150  -0.150  1.000   0.685   0.117   2.042   0.312
2.500   -1.237  3.453   -0.150  -0.150  1.000   0.930   0.111   0.368   0.499
3.000   -1.330  2.602   -0.150  -0.150  1.000   1.007   0.106   0.246   0.600
3.500   -1.383  2.307   -0.150  -0.150  1.000   1.048   0.101   0.194   0.695
4.000   -1.425  2.320   -0.150  -0.150  1.000   1.080   0.096   0.146   0.762
4.500   -1.457  2.466   -0.150  -0.150  1.000   1.101   0.092   0.119   0.833
5.000   -1.485  2.828   -0.150  -0.150  1.000   1.117   0.087   0.102   0.853
5.500   -1.511  3.417   -0.150  -0.150  1.000   1.129   0.084   0.089   0.860
6.000   -1.538  4.484   -0.150  -0.150  1.000   1.139   0.078   0.077   0.837
6.500   -1.570  7.004   -0.150  -0.150  1.000   1.148   0.073   0.075   0.783
7.000   -1.615  9.708   -0.150  -0.150  1.000   1.159   0.065   0.059   0.695
7.500   -1.654  8.716   -0.150  -0.150  1.000   1.168   0.056   0.057   0.567
8.000   -1.689  9.266   -0.150  -0.150  1.000   1.177   0.047   0.047   0.440
8.500   -1.773  68.197  -0.150  -0.150  1.000   1.184   0.040   0.039   0.313
9.000   -1.886  19.138  -0.150  -0.150  1.000   1.188   0.037   0.030   0.307
9.500   -1.914  4.894   -0.150  -0.150  1.000   1.193   0.034   0.023   0.272
Report J1/J3 = -0.100 .
0.000   0.021   0.000   -0.100  -0.100  1.000   0.145   0.122   0.000   0.000
0.500   -0.190  0.238   -0.100  -0.100  1.000   0.153   0.122   0.078   0.051
1.000   -0.382  0.885   -0.100  -0.100  1.000   0.181   0.122   0.214   0.101
1.500   -0.554  1.804   -0.100  -0.100  1.000   0.254   0.121   0.659   0.153
2.000   -0.832  7.557   -0.100  -0.100  1.000   0.662   0.119   2.202   0.316
2.500   -1.042  3.218   -0.100  -0.100  1.000   0.924   0.115   0.377   0.539
3.000   -1.119  2.504   -0.100  -0.100  1.000   1.005   0.111   0.307   0.705
3.500   -1.159  2.036   -0.100  -0.100  1.000   1.049   0.123   0.224   1.084
4.000   -1.188  1.839   -0.100  -0.100  1.000   1.081   0.125   0.165   1.380
4.500   -1.208  1.793   -0.100  -0.100  1.000   1.105   0.129   0.136   1.642
5.000   -1.225  1.879   -0.100  -0.100  1.000   1.121   0.128   0.116   1.840
5.500   -1.240  1.868   -0.100  -0.100  1.000   1.135   0.130   0.097   1.882
6.000   -1.251  1.991   -0.100  -0.100  1.000   1.145   0.130   0.085   2.157
6.500   -1.262  2.107   -0.100  -0.100  1.000   1.154   0.127   0.078   2.234
7.000   -1.273  2.295   -0.100  -0.100  1.000   1.160   0.130   0.069   2.304
7.500   -1.281  2.385   -0.100  -0.100  1.000   1.165   0.125   0.064   2.394
8.000   -1.290  2.448   -0.100  -0.100  1.000   1.171   0.126   0.057   2.464
8.500   -1.338  49.789  -0.100  -0.100  1.000   1.174   0.122   0.055   2.580
9.000   -1.414  14.972  -0.100  -0.100  1.000   1.176   0.118   0.050   2.565
9.500   -1.438  3.241   -0.100  -0.100  1.000   1.179   0.113   0.050   2.485
Report J1/J3 = -0.050 .
0.000   0.021   0.000   -0.050  -0.050  1.000   0.145   0.122   0.000   0.000
0.500   -0.163  0.244   -0.050  -0.050  1.000   0.154   0.122   0.077   0.048
1.000   -0.331  0.838   -0.050  -0.050  1.000   0.180   0.121   0.213   0.100
1.500   -0.481  1.891   -0.050  -0.050  1.000   0.255   0.121   0.640   0.158
2.000   -0.719  7.964   -0.050  -0.050  1.000   0.652   0.119   2.382   0.315
2.500   -0.904  3.081   -0.050  -0.050  1.000   0.921   0.116   0.392   0.557
3.000   -0.967  2.161   -0.050  -0.050  1.000   0.999   0.116   0.277   0.781
3.500   -1.000  1.800   -0.050  -0.050  1.000   1.046   0.112   0.226   0.931
4.000   -1.022  1.560   -0.050  -0.050  1.000   1.080   0.114   0.177   1.203
4.500   -1.037  1.379   -0.050  -0.050  1.000   1.104   0.116   0.138   1.423
5.000   -1.048  1.300   -0.050  -0.050  1.000   1.122   0.115   0.118   1.623
5.500   -1.057  1.367   -0.050  -0.050  1.000   1.135   0.114   0.107   1.799
6.000   -1.064  1.350   -0.050  -0.050  1.000   1.146   0.113   0.096   1.923
6.500   -1.071  1.377   -0.050  -0.050  1.000   1.156   0.112   0.082   2.136
7.000   -1.077  1.389   -0.050  -0.050  1.000   1.163   0.114   0.075   2.303
7.500   -1.081  1.381   -0.050  -0.050  1.000   1.170   0.112   0.069   2.494
8.000   -1.086  1.424   -0.050  -0.050  1.000   1.175   0.112   0.061   2.562
8.500   -1.090  1.490   -0.050  -0.050  1.000   1.180   0.114   0.058   2.712
9.000   -1.094  1.484   -0.050  -0.050  1.000   1.184   0.112   0.051   2.731
9.500   -1.097  1.534   -0.050  -0.050  1.000   1.188   0.110   0.047   2.736
Report J1/J3 = 0.000 .
0.000   0.012   0.000   0.000   0.000   1.000   0.146   0.122   0.000   0.000
0.500   -0.152  0.235   0.000   0.000   1.000   0.153   0.122   0.076   0.049
1.000   -0.303  0.853   0.000   0.000   1.000   0.180   0.122   0.216   0.104
1.500   -0.436  1.857   0.000   0.000   1.000   0.252   0.121   0.635   0.154
2.000   -0.647  7.632   0.000   0.000   1.000   0.649   0.120   2.283   0.316
2.500   -0.814  3.021   0.000   0.000   1.000   0.921   0.118   0.381   0.588
3.000   -0.869  2.096   0.000   0.000   1.000   0.999   0.116   0.272   0.786
3.500   -0.905  2.106   0.000   0.000   1.000   1.064   0.115   0.308   1.050
4.000   -0.913  1.333   0.000   0.000   1.000   1.073   0.115   0.160   1.240
4.500   -0.924  1.175   0.000   0.000   1.000   1.094   0.116   0.140   1.441
5.000   -0.933  1.028   0.000   0.000   1.000   1.110   0.114   0.115   1.639
5.500   -0.939  0.948   0.000   0.000   1.000   1.122   0.114   0.098   1.871
6.000   -0.943  0.970   0.000   0.000   1.000   1.132   0.113   0.090   1.986
6.500   -0.947  0.929   0.000   0.000   1.000   1.140   0.116   0.081   2.328
7.000   -0.951  0.885   0.000   0.000   1.000   1.147   0.114   0.072   2.488
7.500   -0.954  0.877   0.000   0.000   1.000   1.153   0.113   0.067   2.681
8.000   -0.956  0.861   0.000   0.000   1.000   1.157   0.113   0.063   2.936
8.500   -0.958  0.855   0.000   0.000   1.000   1.162   0.113   0.058   3.117
9.000   -0.960  0.865   0.000   0.000   1.000   1.166   0.113   0.057   3.445
9.500   -0.962  0.896   0.000   0.000   1.000   1.170   0.113   0.056   3.428
Report J1/J3 = 0.050 .
0.000   0.018   0.000   0.050   0.050   1.000   0.146   0.122   0.000   0.000
0.500   -0.129  0.237   0.050   0.050   1.000   0.153   0.122   0.079   0.051
1.000   -0.266  0.894   0.050   0.050   1.000   0.181   0.122   0.219   0.102
1.500   -0.389  1.815   0.050   0.050   1.000   0.255   0.121   0.648   0.160
2.000   -0.585  7.508   0.050   0.050   1.000   0.654   0.120   2.233   0.332
2.500   -0.736  3.095   0.050   0.050   1.000   0.923   0.117   0.398   0.582
3.000   -0.787  2.170   0.050   0.050   1.000   0.999   0.114   0.270   0.781
3.500   -0.814  1.710   0.050   0.050   1.000   1.047   0.113   0.215   0.946
4.000   -0.832  1.518   0.050   0.050   1.000   1.081   0.108   0.172   1.051
4.500   -0.843  1.403   0.050   0.050   1.000   1.103   0.105   0.143   1.138
5.000   -0.852  1.328   0.050   0.050   1.000   1.120   0.102   0.121   1.235
5.500   -0.860  1.258   0.050   0.050   1.000   1.135   0.101   0.102   1.427
6.000   -0.866  1.297   0.050   0.050   1.000   1.146   0.098   0.092   1.471
6.500   -0.871  1.294   0.050   0.050   1.000   1.155   0.095   0.081   1.506
7.000   -0.875  1.347   0.050   0.050   1.000   1.162   0.093   0.076   1.666
7.500   -0.879  1.330   0.050   0.050   1.000   1.169   0.090   0.067   1.628
8.000   -0.883  1.384   0.050   0.050   1.000   1.174   0.087   0.062   1.642
8.500   -0.886  1.375   0.050   0.050   1.000   1.179   0.085   0.056   1.710
9.000   -0.889  1.451   0.050   0.050   1.000   1.183   0.082   0.054   1.687
9.500   -0.891  1.448   0.050   0.050   1.000   1.186   0.081   0.050   1.825
Report J1/J3 = 0.100 .
0.000   0.011   0.000   0.100   0.100   1.000   0.146   0.122   0.000   0.000
0.500   -0.132  0.239   0.100   0.100   1.000   0.155   0.122   0.077   0.048
1.000   -0.260  0.897   0.100   0.100   1.000   0.181   0.122   0.211   0.098
1.500   -0.375  1.939   0.100   0.100   1.000   0.255   0.122   0.675   0.156
2.000   -0.560  7.658   0.100   0.100   1.000   0.662   0.118   2.174   0.327
2.500   -0.701  3.193   0.100   0.100   1.000   0.926   0.114   0.379   0.540
3.000   -0.750  2.286   0.100   0.100   1.000   1.002   0.110   0.263   0.684
3.500   -0.779  2.028   0.100   0.100   1.000   1.051   0.105   0.209   0.773
4.000   -0.798  1.859   0.100   0.100   1.000   1.083   0.102   0.169   0.919
4.500   -0.812  1.879   0.100   0.100   1.000   1.106   0.099   0.138   1.011
5.000   -0.824  1.947   0.100   0.100   1.000   1.124   0.094   0.113   1.037
5.500   -0.834  1.974   0.100   0.100   1.000   1.138   0.092   0.096   1.138
6.000   -0.842  2.030   0.100   0.100   1.000   1.148   0.089   0.083   1.180
6.500   -0.850  2.267   0.100   0.100   1.000   1.157   0.084   0.076   1.150
7.000   -0.857  2.412   0.100   0.100   1.000   1.164   0.083   0.070   1.200
7.500   -0.864  2.516   0.100   0.100   1.000   1.170   0.079   0.061   1.198
8.000   -0.870  2.651   0.100   0.100   1.000   1.175   0.076   0.059   1.229
8.500   -0.875  2.888   0.100   0.100   1.000   1.179   0.074   0.051   1.256
9.000   -0.880  2.887   0.100   0.100   1.000   1.182   0.071   0.048   1.200
9.500   -0.885  3.088   0.100   0.100   1.000   1.184   0.069   0.045   1.202
Report J1/J3 = 0.150 .
0.000   0.005   0.000   0.150   0.150   1.000   0.146   0.122   0.000   0.000
0.500   -0.123  0.244   0.150   0.150   1.000   0.153   0.122   0.078   0.049
1.000   -0.246  0.864   0.150   0.150   1.000   0.180   0.121   0.208   0.101
1.500   -0.357  1.956   0.150   0.150   1.000   0.257   0.121   0.683   0.156
2.000   -0.538  7.812   0.150   0.150   1.000   0.682   0.116   2.011   0.303
2.500   -0.669  3.414   0.150   0.150   1.000   0.929   0.110   0.374   0.492
3.000   -0.720  2.544   0.150   0.150   1.000   1.007   0.108   0.248   0.662
3.500   -0.752  2.568   0.150   0.150   1.000   1.055   0.097   0.214   0.641
4.000   -0.775  2.369   0.150   0.150   1.000   1.089   0.093   0.156   0.700
4.500   -0.793  2.612   0.150   0.150   1.000   1.112   0.087   0.130   0.733
5.000   -0.809  2.706   0.150   0.150   1.000   1.130   0.083   0.107   0.751
5.500   -0.823  2.932   0.150   0.150   1.000   1.144   0.078   0.087   0.751
6.000   -0.834  3.148   0.150   0.150   1.000   1.153   0.073   0.081   0.751
6.500   -0.845  3.443   0.150   0.150   1.000   1.162   0.071   0.070   0.776
7.000   -0.856  4.173   0.150   0.150   1.000   1.167   0.066   0.066   0.739
7.500   -0.871  13.045  0.150   0.150   1.000   1.170   0.062   0.056   0.723
8.000   -0.906  13.877  0.150   0.150   1.000   1.178   0.052   0.052   0.554
8.500   -0.922  7.116   0.150   0.150   1.000   1.185   0.047   0.032   0.504
9.000   -0.935  5.132   0.150   0.150   1.000   1.196   0.042   0.042   0.465
9.500   -0.944  4.663   0.150   0.150   1.000   1.204   0.039   0.027   0.470
Report J1/J3 = 0.200 .
0.000   0.023   0.000   0.200   0.200   1.000   0.146   0.122   0.000   0.000
0.500   -0.098  0.270   0.200   0.200   1.000   0.154   0.122   0.078   0.049
1.000   -0.216  0.939   0.200   0.200   1.000   0.181   0.121   0.223   0.100
1.500   -0.324  2.143   0.200   0.200   1.000   0.259   0.120   0.677   0.154
2.000   -0.505  7.635   0.200   0.200   1.000   0.699   0.113   1.892   0.296
2.500   -0.631  3.621   0.200   0.200   1.000   0.937   0.106   0.360   0.448
3.000   -0.684  3.050   0.200   0.200   1.000   1.013   0.104   0.243   0.581
3.500   -0.718  3.237   0.200   0.200   1.000   1.057   0.095   0.199   0.615
4.000   -0.745  3.388   0.200   0.200   1.000   1.091   0.088   0.154   0.640
4.500   -0.769  3.918   0.200   0.200   1.000   1.112   0.081   0.120   0.609
5.000   -0.791  4.759   0.200   0.200   1.000   1.126   0.076   0.095   0.593
5.500   -0.822  9.715   0.200   0.200   1.000   1.139   0.067   0.089   0.551
6.000   -0.858  10.432  0.200   0.200   1.000   1.157   0.058   0.097   0.437
6.500   -0.883  7.663   0.200   0.200   1.000   1.173   0.050   0.055   0.361
7.000   -0.900  5.711   0.200   0.200   1.000   1.182   0.045   0.031   0.349
7.500   -0.913  5.017   0.200   0.200   1.000   1.192   0.041   0.048   0.364
8.000   -0.920  4.626   0.200   0.200   1.000   1.192   0.039   0.023   0.346
8.500   -0.928  3.753   0.200   0.200   1.000   1.194   0.036   0.014   0.303
9.000   -0.934  3.291   0.200   0.200   1.000   1.197   0.034   0.012   0.304
9.500   -0.939  5.604   0.200   0.200   1.000   1.198   0.033   0.010   0.297
Report J1/J3 = 0.250 .
0.000   0.008   0.000   0.250   0.250   1.000   0.146   0.122   0.000   0.000
0.500   -0.117  0.265   0.250   0.250   1.000   0.154   0.122   0.078   0.049
1.000   -0.232  0.991   0.250   0.250   1.000   0.182   0.121   0.215   0.101
1.500   -0.340  2.203   0.250   0.250   1.000   0.263   0.118   0.685   0.151
2.000   -0.526  7.990   0.250   0.250   1.000   0.733   0.109   1.517   0.270
2.500   -0.645  3.951   0.250   0.250   1.000   0.945   0.101   0.334   0.382
3.000   -0.705  3.995   0.250   0.250   1.000   1.026   0.093   0.232   0.446
3.500   -0.746  4.210   0.250   0.250   1.000   1.074   0.082   0.177   0.420
4.000   -0.779  4.684   0.250   0.250   1.000   1.101   0.075   0.127   0.428
4.500   -0.817  8.992   0.250   0.250   1.000   1.118   0.066   0.130   0.391
5.000   -0.864  9.470   0.250   0.250   1.000   1.140   0.057   0.139   0.320
5.500   -0.898  6.518   0.250   0.250   1.000   1.165   0.049   0.051   0.272
6.000   -0.918  6.330   0.250   0.250   1.000   1.176   0.045   0.047   0.272
6.500   -0.934  5.022   0.250   0.250   1.000   1.185   0.040   0.043   0.251
7.000   -0.946  3.651   0.250   0.250   1.000   1.192   0.036   0.017   0.250
7.500   -0.953  3.295   0.250   0.250   1.000   1.194   0.034   0.015   0.261
8.000   -0.959  2.741   0.250   0.250   1.000   1.197   0.033   0.010   0.261
8.500   -0.963  2.428   0.250   0.250   1.000   1.199   0.031   0.008   0.231
9.000   -0.966  2.098   0.250   0.250   1.000   1.200   0.031   0.007   0.237
9.500   -0.980  48.660  0.250   0.250   1.000   1.201   0.033   0.006   0.220
Report J1/J3 = 0.300 .
0.000   0.001   0.000   0.300   0.300   1.000   0.146   0.122   0.000   0.000
0.500   -0.118  0.281   0.300   0.300   1.000   0.154   0.122   0.076   0.047
1.000   -0.232  1.057   0.300   0.300   1.000   0.183   0.121   0.218   0.097
1.500   -0.341  2.543   0.300   0.300   1.000   0.270   0.116   0.728   0.138
2.000   -0.531  7.930   0.300   0.300   1.000   0.757   0.105   1.338   0.250
2.500   -0.650  4.666   0.300   0.300   1.000   0.957   0.094   0.304   0.329
3.000   -0.712  4.814   0.300   0.300   1.000   1.028   0.085   0.219   0.367
3.500   -0.774  6.864   0.300   0.300   1.000   1.071   0.074   0.162   0.320
4.000   -0.824  6.522   0.300   0.300   1.000   1.089   0.064   0.131   0.284
4.500   -0.864  6.925   0.300   0.300   1.000   1.108   0.056   0.175   0.255
5.000   -0.907  6.690   0.300   0.300   1.000   1.159   0.047   0.108   0.232
5.500   -0.927  5.248   0.300   0.300   1.000   1.175   0.041   0.052   0.225
6.000   -0.940  5.226   0.300   0.300   1.000   1.182   0.040   0.075   0.238
6.500   -0.955  3.110   0.300   0.300   1.000   1.197   0.038   0.011   0.207
7.000   -0.960  2.951   0.300   0.300   1.000   1.195   0.032   0.016   0.215
7.500   -0.966  2.239   0.300   0.300   1.000   1.199   0.030   0.008   0.210
8.000   -0.970  1.908   0.300   0.300   1.000   1.201   0.030   0.007   0.210
8.500   -0.973  1.608   0.300   0.300   1.000   1.202   0.030   0.006   0.210
9.000   -0.975  1.412   0.300   0.300   1.000   1.203   0.029   0.005   0.208
9.500   -1.002  115.056 0.300   0.300   1.000   1.203   0.029   0.005   0.220
Report J1/J3 = 0.350 .
0.000   0.004   0.000   0.350   0.350   1.000   0.146   0.122   0.000   0.000
0.500   -0.118  0.301   0.350   0.350   1.000   0.155   0.121   0.079   0.047
1.000   -0.241  1.131   0.350   0.350   1.000   0.184   0.119   0.222   0.095
1.500   -0.351  2.676   0.350   0.350   1.000   0.275   0.116   0.764   0.136
2.000   -0.549  7.524   0.350   0.350   1.000   0.787   0.102   0.979   0.242
2.500   -0.667  5.342   0.350   0.350   1.000   0.968   0.089   0.294   0.287
3.000   -0.750  7.906   0.350   0.350   1.000   1.037   0.076   0.200   0.286
3.500   -0.823  7.769   0.350   0.350   1.000   1.056   0.062   0.194   0.211
4.000   -0.867  5.534   0.350   0.350   1.000   1.067   0.053   0.157   0.179
4.500   -0.907  7.932   0.350   0.350   1.000   1.136   0.047   0.210   0.180
5.000   -0.939  4.799   0.350   0.350   1.000   1.174   0.042   0.044   0.178
5.500   -0.954  3.688   0.350   0.350   1.000   1.182   0.039   0.026   0.180
6.000   -0.965  2.815   0.350   0.350   1.000   1.194   0.034   0.016   0.185
6.500   -0.972  2.285   0.350   0.350   1.000   1.198   0.035   0.010   0.172
7.000   -0.977  1.963   0.350   0.350   1.000   1.200   0.032   0.008   0.160
7.500   -0.980  1.759   0.350   0.350   1.000   1.202   0.029   0.006   0.176
8.000   -0.983  1.404   0.350   0.350   1.000   1.203   0.027   0.005   0.183
8.500   -0.985  1.156   0.350   0.350   1.000   1.204   0.026   0.004   0.192
9.000   -0.986  1.019   0.350   0.350   1.000   1.204   0.026   0.004   0.197
9.500   -1.034  97.311  0.350   0.350   1.000   1.205   0.025   0.003   0.191
Report J1/J3 = 0.400 .
0.000   0.008   0.000   0.400   0.400   1.000   0.146   0.122   0.000   0.000
0.500   -0.113  0.321   0.400   0.400   1.000   0.156   0.121   0.078   0.049
1.000   -0.229  1.199   0.400   0.400   1.000   0.183   0.119   0.212   0.092
1.500   -0.343  3.001   0.400   0.400   1.000   0.281   0.113   0.818   0.132
2.000   -0.550  7.757   0.400   0.400   1.000   0.816   0.098   0.833   0.228
2.500   -0.692  11.457  0.400   0.400   1.000   1.000   0.080   0.290   0.233
3.000   -0.794  6.949   0.400   0.400   1.000   1.051   0.063   0.134   0.179
3.500   -0.850  5.074   0.400   0.400   1.000   1.076   0.054   0.088   0.151
4.000   -0.882  4.289   0.400   0.400   1.000   1.093   0.047   0.071   0.130
4.500   -0.904  3.633   0.400   0.400   1.000   1.100   0.045   0.059   0.143
5.000   -0.918  2.556   0.400   0.400   1.000   1.099   0.040   0.021   0.109
5.500   -0.930  2.004   0.400   0.400   1.000   1.112   0.033   0.011   0.105
6.000   -0.934  1.606   0.400   0.400   1.000   1.114   0.033   0.012   0.116
6.500   -0.937  1.485   0.400   0.400   1.000   1.117   0.032   0.011   0.134
7.000   -0.939  1.144   0.400   0.400   1.000   1.118   0.030   0.012   0.133
7.500   -0.941  0.966   0.400   0.400   1.000   1.118   0.029   0.011   0.135
8.000   -0.942  0.784   0.400   0.400   1.000   1.119   0.029   0.010   0.147
8.500   -0.943  0.725   0.400   0.400   1.000   1.119   0.029   0.010   0.166
9.000   -0.944  0.609   0.400   0.400   1.000   1.120   0.029   0.010   0.158
9.500   -0.999  61.708  0.400   0.400   1.000   1.120   0.028   0.010   0.149
Report J1/J3 = 0.450 .
0.000   0.003   0.000   0.450   0.450   1.000   0.147   0.122   0.000   0.000
0.500   -0.122  0.345   0.450   0.450   1.000   0.155   0.122   0.078   0.049
1.000   -0.246  1.265   0.450   0.450   1.000   0.186   0.118   0.232   0.092
1.500   -0.363  3.339   0.450   0.450   1.000   0.291   0.111   0.883   0.132
2.000   -0.582  8.295   0.450   0.450   1.000   0.843   0.093   0.665   0.205
2.500   -0.749  12.095  0.450   0.450   1.000   1.010   0.070   0.223   0.175
3.000   -0.841  5.715   0.450   0.450   1.000   1.065   0.055   0.106   0.126
3.500   -0.886  4.609   0.450   0.450   1.000   1.086   0.048   0.098   0.115
4.000   -0.912  3.376   0.450   0.450   1.000   1.103   0.044   0.046   0.117
4.500   -0.925  3.289   0.450   0.450   1.000   1.106   0.040   0.074   0.105
5.000   -0.938  2.124   0.450   0.450   1.000   1.121   0.039   0.031   0.118
5.500   -0.944  1.706   0.450   0.450   1.000   1.114   0.041   0.036   0.092
6.000   -0.948  1.347   0.450   0.450   1.000   1.114   0.041   0.032   0.086
6.500   -0.952  1.075   0.450   0.450   1.000   1.117   0.039   0.028   0.077
7.000   -0.954  0.836   0.450   0.450   1.000   1.118   0.039   0.024   0.072
7.500   -0.956  0.857   0.450   0.450   1.000   1.120   0.036   0.029   0.086
8.000   -0.958  0.591   0.450   0.450   1.000   1.120   0.031   0.025   0.070
8.500   -0.958  0.478   0.450   0.450   1.000   1.121   0.031   0.027   0.066
9.000   -0.959  0.388   0.450   0.450   1.000   1.121   0.031   0.027   0.069
9.500   -0.959  0.384   0.450   0.450   1.000   1.121   0.030   0.029   0.066
Report J1/J3 = 0.500 .
0.000   -0.004  0.000   0.500   0.500   1.000   0.147   0.122   0.000   0.000
0.500   -0.128  0.379   0.500   0.500   1.000   0.155   0.120   0.082   0.048
1.000   -0.248  1.397   0.500   0.500   1.000   0.189   0.117   0.233   0.093
1.500   -0.373  3.857   0.500   0.500   1.000   0.303   0.109   0.979   0.120
2.000   -0.608  10.087  0.500   0.500   1.000   0.877   0.088   0.536   0.181
2.500   -0.787  7.751   0.500   0.500   1.000   1.012   0.064   0.135   0.132
3.000   -0.865  4.852   0.500   0.500   1.000   1.069   0.052   0.061   0.108
3.500   -0.897  3.588   0.500   0.500   1.000   1.075   0.050   0.064   0.099
4.000   -0.920  3.072   0.500   0.500   1.000   1.083   0.045   0.027   0.085
4.500   -0.937  2.122   0.500   0.500   1.000   1.106   0.044   0.030   0.095
5.000   -0.942  1.575   0.500   0.500   1.000   1.109   0.045   0.022   0.089
5.500   -0.946  1.327   0.500   0.500   1.000   1.109   0.045   0.023   0.088
6.000   -0.949  0.984   0.500   0.500   1.000   1.109   0.044   0.024   0.086
6.500   -0.951  0.814   0.500   0.500   1.000   1.111   0.044   0.023   0.091
7.000   -0.953  0.639   0.500   0.500   1.000   1.111   0.043   0.023   0.099
7.500   -0.954  0.536   0.500   0.500   1.000   1.112   0.043   0.025   0.096
8.000   -0.954  0.435   0.500   0.500   1.000   1.112   0.043   0.023   0.098
8.500   -0.955  0.407   0.500   0.500   1.000   1.112   0.043   0.028   0.109
9.000   -0.955  0.341   0.500   0.500   1.000   1.113   0.042   0.025   0.102
9.500   -0.966  43.630  0.500   0.500   1.000   1.113   0.043   0.027   0.114
Report J1/J3 = 0.550 .
0.000   0.002   0.000   0.550   0.550   1.000   0.146   0.122   0.000   0.000
0.500   -0.125  0.405   0.550   0.550   1.000   0.154   0.120   0.081   0.049
1.000   -0.248  1.565   0.550   0.550   1.000   0.189   0.116   0.242   0.091
1.500   -0.379  4.370   0.550   0.550   1.000   0.321   0.107   1.085   0.123
2.000   -0.645  15.054  0.550   0.550   1.000   0.914   0.081   0.428   0.163
2.500   -0.826  6.340   0.550   0.550   1.000   1.054   0.056   0.106   0.108
3.000   -0.887  4.113   0.550   0.550   1.000   1.095   0.046   0.052   0.088
3.500   -0.917  3.178   0.550   0.550   1.000   1.113   0.045   0.032   0.078
4.000   -0.934  2.297   0.550   0.550   1.000   1.120   0.038   0.040   0.070
4.500   -0.939  1.619   0.550   0.550   1.000   1.129   0.037   0.027   0.078
5.000   -0.944  1.278   0.550   0.550   1.000   1.131   0.036   0.027   0.078
5.500   -0.947  0.952   0.550   0.550   1.000   1.131   0.035   0.029   0.089
6.000   -0.949  0.739   0.550   0.550   1.000   1.131   0.034   0.031   0.089
6.500   -0.950  0.603   0.550   0.550   1.000   1.133   0.034   0.034   0.094
7.000   -0.951  0.484   0.550   0.550   1.000   1.134   0.033   0.040   0.094
7.500   -0.952  0.407   0.550   0.550   1.000   1.134   0.033   0.034   0.109
8.000   -0.952  0.335   0.550   0.550   1.000   1.134   0.033   0.037   0.118
8.500   -0.953  0.280   0.550   0.550   1.000   1.136   0.032   0.032   0.116
9.000   -0.953  0.290   0.550   0.550   1.000   1.136   0.033   0.037   0.135
9.500   -0.970  81.607  0.550   0.550   1.000   1.137   0.031   0.034   0.118
Report J1/J3 = 0.600 .
0.000   0.009   0.000   0.600   0.600   1.000   0.145   0.122   0.000   0.000
0.500   -0.118  0.414   0.600   0.600   1.000   0.155   0.121   0.080   0.049
1.000   -0.246  1.695   0.600   0.600   1.000   0.190   0.116   0.237   0.092
1.500   -0.384  5.191   0.600   0.600   1.000   0.344   0.104   1.245   0.115
2.000   -0.706  14.154  0.600   0.600   1.000   0.966   0.071   0.270   0.127
2.500   -0.828  6.046   0.600   0.600   1.000   1.022   0.053   0.077   0.086
3.000   -0.872  3.767   0.600   0.600   1.000   1.047   0.047   0.061   0.091
3.500   -0.900  2.871   0.600   0.600   1.000   1.060   0.042   0.043   0.073
4.000   -0.916  1.929   0.600   0.600   1.000   1.080   0.031   0.012   0.079
4.500   -0.921  1.410   0.600   0.600   1.000   1.076   0.035   0.008   0.071
5.000   -0.925  1.043   0.600   0.600   1.000   1.077   0.033   0.007   0.062
5.500   -0.928  0.779   0.600   0.600   1.000   1.077   0.032   0.008   0.065
6.000   -0.929  0.616   0.600   0.600   1.000   1.075   0.032   0.011   0.069
6.500   -0.930  0.512   0.600   0.600   1.000   1.075   0.031   0.013   0.071
7.000   -0.931  0.403   0.600   0.600   1.000   1.075   0.031   0.014   0.076
7.500   -0.931  0.363   0.600   0.600   1.000   1.075   0.030   0.014   0.073
8.000   -0.932  0.368   0.600   0.600   1.000   1.075   0.029   0.015   0.076
8.500   -0.932  0.311   0.600   0.600   1.000   1.075   0.029   0.017   0.070
9.000   -0.932  0.338   0.600   0.600   1.000   1.075   0.028   0.017   0.069
9.500   -0.953  120.331 0.600   0.600   1.000   1.075   0.028   0.017   0.071
Report J1/J3 = 0.650 .
0.000   0.008   0.000   0.650   0.650   1.000   0.146   0.122   0.000   0.000
0.500   -0.125  0.440   0.650   0.650   1.000   0.155   0.121   0.080   0.049
1.000   -0.257  1.812   0.650   0.650   1.000   0.193   0.115   0.244   0.088
1.500   -0.405  6.708   0.650   0.650   1.000   0.373   0.102   1.509   0.111
2.000   -0.751  10.111  0.650   0.650   1.000   0.986   0.066   0.185   0.103
2.500   -0.862  4.882   0.650   0.650   1.000   1.070   0.049   0.059   0.078
3.000   -0.893  3.260   0.650   0.650   1.000   1.056   0.044   0.036   0.072
3.500   -0.912  2.144   0.650   0.650   1.000   1.062   0.034   0.016   0.059
4.000   -0.926  1.571   0.650   0.650   1.000   1.067   0.034   0.014   0.050
4.500   -0.932  0.992   0.650   0.650   1.000   1.071   0.033   0.007   0.039
5.000   -0.934  0.724   0.650   0.650   1.000   1.072   0.033   0.005   0.039
5.500   -0.936  0.563   0.650   0.650   1.000   1.072   0.032   0.005   0.037
6.000   -0.937  0.440   0.650   0.650   1.000   1.072   0.032   0.003   0.036
6.500   -0.938  0.354   0.650   0.650   1.000   1.072   0.031   0.003   0.032
7.000   -0.938  0.266   0.650   0.650   1.000   1.072   0.031   0.003   0.029
7.500   -0.939  0.240   0.650   0.650   1.000   1.073   0.030   0.002   0.030
8.000   -0.939  0.221   0.650   0.650   1.000   1.073   0.030   0.002   0.029
8.500   -0.939  0.213   0.650   0.650   1.000   1.073   0.030   0.002   0.028
9.000   -0.940  0.209   0.650   0.650   1.000   1.073   0.030   0.001   0.029
9.500   -0.960  147.516 0.650   0.650   1.000   1.073   0.030   0.002   0.027
Report J1/J3 = 0.700 .
0.000   0.004   0.000   0.700   0.700   1.000   0.146   0.122   0.000   0.000
0.500   -0.132  0.501   0.700   0.700   1.000   0.157   0.121   0.081   0.048
1.000   -0.267  1.977   0.700   0.700   1.000   0.197   0.114   0.259   0.084
1.500   -0.429  8.409   0.700   0.700   1.000   0.418   0.098   1.772   0.105
2.000   -0.784  12.082  0.700   0.700   1.000   1.008   0.061   0.194   0.089
2.500   -0.872  4.535   0.700   0.700   1.000   1.060   0.049   0.070   0.073
3.000   -0.904  2.674   0.700   0.700   1.000   1.055   0.051   0.038   0.073
3.500   -0.920  1.895   0.700   0.700   1.000   1.067   0.055   0.026   0.049
4.000   -0.930  1.269   0.700   0.700   1.000   1.075   0.051   0.021   0.041
4.500   -0.935  0.895   0.700   0.700   1.000   1.078   0.047   0.024   0.036
5.000   -0.938  0.609   0.700   0.700   1.000   1.082   0.047   0.013   0.030
5.500   -0.939  0.469   0.700   0.700   1.000   1.083   0.048   0.012   0.029
6.000   -0.940  0.353   0.700   0.700   1.000   1.083   0.047   0.014   0.029
6.500   -0.940  0.288   0.700   0.700   1.000   1.084   0.047   0.009   0.024
7.000   -0.941  0.224   0.700   0.700   1.000   1.085   0.047   0.008   0.023
7.500   -0.941  0.215   0.700   0.700   1.000   1.085   0.047   0.007   0.022
8.000   -0.941  0.212   0.700   0.700   1.000   1.085   0.047   0.008   0.022
8.500   -0.942  0.177   0.700   0.700   1.000   1.085   0.047   0.007   0.021
9.000   -0.942  0.195   0.700   0.700   1.000   1.085   0.047   0.006   0.020
9.500   -0.954  165.517 0.700   0.700   1.000   1.085   0.047   0.007   0.021
Report J1/J3 = 0.750 .
0.000   -0.001  0.000   0.750   0.750   1.000   0.146   0.122   0.000   0.000
0.500   -0.143  0.510   0.750   0.750   1.000   0.156   0.120   0.083   0.048
1.000   -0.284  2.163   0.750   0.750   1.000   0.197   0.113   0.253   0.086
1.500   -0.460  12.036  0.750   0.750   1.000   0.465   0.096   2.146   0.103
2.000   -0.828  7.916   0.750   0.750   1.000   1.038   0.056   0.122   0.075
2.500   -0.906  3.962   0.750   0.750   1.000   1.090   0.043   0.039   0.060
3.000   -0.936  2.226   0.750   0.750   1.000   1.117   0.036   0.025   0.048
3.500   -0.952  1.389   0.750   0.750   1.000   1.126   0.034   0.009   0.044
4.000   -0.960  0.926   0.750   0.750   1.000   1.125   0.028   0.007   0.035
4.500   -0.962  0.623   0.750   0.750   1.000   1.125   0.026   0.007   0.034
5.000   -0.964  0.444   0.750   0.750   1.000   1.126   0.026   0.008   0.034
5.500   -0.965  0.351   0.750   0.750   1.000   1.126   0.026   0.008   0.032
6.000   -0.966  0.285   0.750   0.750   1.000   1.125   0.023   0.008   0.032
6.500   -0.966  0.234   0.750   0.750   1.000   1.125   0.023   0.007   0.031
7.000   -0.966  0.210   0.750   0.750   1.000   1.128   0.024   0.011   0.027
7.500   -0.967  0.194   0.750   0.750   1.000   1.125   0.021   0.009   0.030
8.000   -0.967  0.187   0.750   0.750   1.000   1.125   0.020   0.006   0.029
8.500   -0.967  0.173   0.750   0.750   1.000   1.125   0.020   0.009   0.027
9.000   -0.967  0.159   0.750   0.750   1.000   1.123   0.020   0.005   0.026
9.500   -0.973  49.477  0.750   0.750   1.000   1.127   0.024   0.016   0.022
Report J1/J3 = 0.800 .
0.000   -0.002  0.000   0.800   0.800   1.000   0.146   0.122   0.000   0.000
0.500   -0.154  0.588   0.800   0.800   1.000   0.157   0.120   0.082   0.047
1.000   -0.300  2.261   0.800   0.800   1.000   0.201   0.112   0.263   0.080
1.500   -0.510  19.527  0.800   0.800   1.000   0.578   0.091   2.334   0.103
2.000   -0.845  10.322  0.800   0.800   1.000   1.029   0.054   0.123   0.071
2.500   -0.913  4.539   0.800   0.800   1.000   1.054   0.041   0.054   0.065
3.000   -0.931  2.045   0.800   0.800   1.000   1.060   0.043   0.020   0.040
3.500   -0.941  1.290   0.800   0.800   1.000   1.066   0.041   0.014   0.033
4.000   -0.946  0.839   0.800   0.800   1.000   1.068   0.039   0.012   0.033
4.500   -0.948  0.609   0.800   0.800   1.000   1.069   0.039   0.011   0.032
5.000   -0.950  0.464   0.800   0.800   1.000   1.069   0.038   0.011   0.029
5.500   -0.951  0.348   0.800   0.800   1.000   1.070   0.038   0.009   0.032
6.000   -0.952  0.296   0.800   0.800   1.000   1.070   0.037   0.009   0.028
6.500   -0.952  0.268   0.800   0.800   1.000   1.070   0.037   0.009   0.029
7.000   -0.952  0.228   0.800   0.800   1.000   1.071   0.036   0.007   0.026
7.500   -0.953  0.220   0.800   0.800   1.000   1.071   0.036   0.009   0.028
8.000   -0.953  0.234   0.800   0.800   1.000   1.071   0.036   0.009   0.028
8.500   -0.953  0.203   0.800   0.800   1.000   1.071   0.035   0.008   0.028
9.000   -0.953  0.213   0.800   0.800   1.000   1.071   0.035   0.008   0.029
9.500   -0.955  14.645  0.800   0.800   1.000   1.071   0.035   0.007   0.028
Report J1/J3 = 0.850 .
0.000   0.001   0.000   0.850   0.850   1.000   0.146   0.122   0.000   0.000
0.500   -0.148  0.621   0.850   0.850   1.000   0.156   0.121   0.080   0.048
1.000   -0.309  2.643   0.850   0.850   1.000   0.203   0.110   0.279   0.077
1.500   -0.592  36.918  0.850   0.850   1.000   0.741   0.082   1.826   0.095
2.000   -0.855  7.424   0.850   0.850   1.000   1.063   0.054   0.187   0.079
2.500   -0.916  3.946   0.850   0.850   1.000   1.093   0.047   0.079   0.091
3.000   -0.939  2.205   0.850   0.850   1.000   1.117   0.038   0.060   0.047
3.500   -0.953  1.552   0.850   0.850   1.000   1.135   0.037   0.055   0.045
4.000   -0.959  1.135   0.850   0.850   1.000   1.144   0.036   0.047   0.043
4.500   -0.962  0.897   0.850   0.850   1.000   1.148   0.035   0.044   0.041
5.000   -0.965  0.742   0.850   0.850   1.000   1.152   0.035   0.044   0.043
5.500   -0.966  0.701   0.850   0.850   1.000   1.156   0.035   0.042   0.045
6.000   -0.967  0.648   0.850   0.850   1.000   1.160   0.035   0.042   0.043
6.500   -0.968  0.646   0.850   0.850   1.000   1.162   0.035   0.040   0.046
7.000   -0.969  0.606   0.850   0.850   1.000   1.166   0.036   0.038   0.039
7.500   -0.970  0.613   0.850   0.850   1.000   1.167   0.035   0.031   0.038
8.000   -0.970  0.637   0.850   0.850   1.000   1.168   0.035   0.034   0.042
8.500   -0.971  0.580   0.850   0.850   1.000   1.170   0.035   0.029   0.038
9.000   -0.972  0.635   0.850   0.850   1.000   1.171   0.035   0.035   0.042
9.500   -0.974  21.718  0.850   0.850   1.000   1.172   0.035   0.026   0.035
Report J1/J3 = 0.900 .
0.000   0.000   0.000   0.900   0.900   1.000   0.145   0.122   0.000   0.000
0.500   -0.157  0.643   0.900   0.900   1.000   0.157   0.121   0.082   0.048
1.000   -0.320  2.923   0.900   0.900   1.000   0.207   0.110   0.267   0.079
1.500   -0.686  26.343  0.900   0.900   1.000   0.873   0.073   0.611   0.085
2.000   -0.882  5.704   0.900   0.900   1.000   1.019   0.052   0.056   0.067
2.500   -0.926  2.508   0.900   0.900   1.000   1.049   0.037   0.023   0.048
3.000   -0.939  1.555   0.900   0.900   1.000   1.056   0.033   0.020   0.053
3.500   -0.946  0.989   0.900   0.900   1.000   1.060   0.031   0.017   0.050
4.000   -0.950  0.642   0.900   0.900   1.000   1.062   0.029   0.014   0.052
4.500   -0.952  0.477   0.900   0.900   1.000   1.063   0.027   0.012   0.051
5.000   -0.953  0.362   0.900   0.900   1.000   1.064   0.026   0.011   0.049
5.500   -0.954  0.331   0.900   0.900   1.000   1.064   0.026   0.011   0.049
6.000   -0.954  0.282   0.900   0.900   1.000   1.065   0.025   0.009   0.049
6.500   -0.955  0.260   0.900   0.900   1.000   1.065   0.025   0.009   0.051
7.000   -0.955  0.263   0.900   0.900   1.000   1.065   0.024   0.010   0.052
7.500   -0.955  0.244   0.900   0.900   1.000   1.065   0.024   0.010   0.055
8.000   -0.956  0.264   0.900   0.900   1.000   1.065   0.023   0.012   0.051
8.500   -0.956  0.224   0.900   0.900   1.000   1.066   0.023   0.010   0.050
9.000   -0.956  0.231   0.900   0.900   1.000   1.065   0.022   0.011   0.053
9.500   -0.957  7.681   0.900   0.900   1.000   1.065   0.022   0.012   0.053
Report J1/J3 = 0.950 .
0.000   -0.001  0.000   0.950   0.950   1.000   0.146   0.122   0.000   0.000
0.500   -0.159  0.711   0.950   0.950   1.000   0.158   0.119   0.081   0.046
1.000   -0.328  3.114   0.950   0.950   1.000   0.211   0.109   0.293   0.077
1.500   -0.732  21.152  0.950   0.950   1.000   0.923   0.067   0.414   0.073
2.000   -0.885  5.047   0.950   0.950   1.000   1.021   0.053   0.053   0.073
2.500   -0.922  2.187   0.950   0.950   1.000   1.033   0.043   0.030   0.046
3.000   -0.934  1.245   0.950   0.950   1.000   1.033   0.041   0.021   0.039
3.500   -0.940  0.792   0.950   0.950   1.000   1.035   0.040   0.018   0.040
4.000   -0.942  0.495   0.950   0.950   1.000   1.037   0.039   0.018   0.039
4.500   -0.944  0.358   0.950   0.950   1.000   1.037   0.038   0.018   0.041
5.000   -0.944  0.266   0.950   0.950   1.000   1.038   0.038   0.020   0.042
5.500   -0.945  0.235   0.950   0.950   1.000   1.038   0.038   0.020   0.044
6.000   -0.945  0.210   0.950   0.950   1.000   1.038   0.037   0.021   0.046
6.500   -0.946  0.192   0.950   0.950   1.000   1.037   0.037   0.021   0.046
7.000   -0.946  0.209   0.950   0.950   1.000   1.038   0.036   0.023   0.052
7.500   -0.946  0.219   0.950   0.950   1.000   1.038   0.037   0.025   0.052
8.000   -0.946  0.207   0.950   0.950   1.000   1.038   0.036   0.025   0.053
8.500   -0.947  0.235   0.950   0.950   1.000   1.037   0.036   0.027   0.060
9.000   -0.947  0.212   0.950   0.950   1.000   1.037   0.036   0.028   0.059
9.500   -0.947  0.253   0.950   0.950   1.000   1.038   0.036   0.029   0.063
