0.000   -0.001  0.000   0.001   0.000   0.146   0.000
3.000   0.758   2.299   0.005   2.822   1.003   0.261
6.000   0.848   2.052   0.022   4.919   1.145   0.086
9.000   0.884   2.841   0.032   8.589   1.177   0.055
105 755 180 microseconds
 
33.80      5.72     5.72 51794244     0.00     0.00  site_energy(int)
31.91     11.12     5.40                             estimate_beta_c()
10.28     12.87     1.74 25884759     0.00     0.00  flip_Uz(int, double, double)
9.45      14.47     1.60 25890893     0.00     0.00  flip_Uy(int, double, double)
9.16      16.02     1.55 25884346     0.00     0.00  flip_Ux(int, double, double)
4.73      16.82     0.80 25897122     0.00     0.00  flip_R(int, double, double, double)
0.53      16.91     0.09        4    22.51    54.41  thermalization() 
0.00      16.94     0.00     4000     0.00     0.00  orderparameter_n() 


0.000   -0.001  0.000   0.001   0.000   0.146   0.000
3.000   0.758   2.299   0.005   2.822   1.003   0.261
6.000   0.848   2.052   0.022   4.919   1.145   0.086
9.000   0.884   2.841   0.032   8.589   1.177   0.055
83 560 298 microseconds. 

 38.47      5.86     5.86                             estimate_beta_c()
 22.19      9.24     3.38 51794244     0.00     0.00  site_energy_new(int)
 12.14     11.09     1.85 25897122     0.00     0.00  flip_R(int, double, double, double)
  9.19     12.49     1.40 25884759     0.00     0.00  flip_Uz(int, double, double)
  8.73     13.82     1.33 25890893     0.00     0.00  flip_Uy(int, double, double)
  8.53     15.13     1.30 25884346     0.00     0.00  flip_Ux(int, double, double)
  0.39     15.19     0.06        4    15.01    40.89  thermalization()
  0.20     15.22     0.03                             site_energy(int)
  0.20     15.25     0.03                             site_energy_old(int)
  0.00     15.25     0.00        1     0.00     0.00  _GLOBAL__sub_I_R
