                            ^
Report J1/J3 = -1.000 .
0.000   -0.011  0.000   -1.000  -1.000  1.000   0.142   0.120   0.000   0.000
0.500   0.498   0.805   -1.000  -1.000  1.000   0.160   0.121   0.065   0.043
1.000   0.981   3.420   -1.000  -1.000  1.000   0.205   0.105   0.260   0.055
1.500   2.195   15.484  -1.000  -1.000  1.000   0.912   0.065   0.383   0.076
2.000   2.576   4.619   -1.000  -1.000  1.000   1.007   0.049   0.032   0.048
2.500   2.668   2.273   -1.000  -1.000  1.000   1.007   0.046   0.045   0.057
3.000   2.713   1.092   -1.000  -1.000  1.000   1.009   0.044   0.032   0.060
3.500   2.731   0.778   -1.000  -1.000  1.000   1.026   0.044   0.035   0.090
4.000   2.742   0.467   -1.000  -1.000  1.000   1.017   0.042   0.037   0.064
4.500   2.745   0.321   -1.000  -1.000  1.000   1.026   0.044   0.020   0.057
5.000   2.745   0.250   -1.000  -1.000  1.000   1.025   0.044   0.016   0.059
5.500   2.751   0.155   -1.000  -1.000  1.000   1.025   0.042   0.013   0.049
6.000   2.750   0.204   -1.000  -1.000  1.000   1.028   0.045   0.017   0.082
6.500   2.753   0.258   -1.000  -1.000  1.000   1.032   0.045   0.016   0.075
7.000   2.753   0.381   -1.000  -1.000  1.000   1.028   0.045   0.016   0.067
7.500   2.758   0.284   -1.000  -1.000  1.000   0.997   0.029   0.022   0.065
8.000   2.758   0.262   -1.000  -1.000  1.000   1.003   0.032   0.031   0.059
8.500   2.758   0.473   -1.000  -1.000  1.000   1.012   0.035   0.119   0.122
9.000   2.760   0.150   -1.000  -1.000  1.000   1.032   0.044   0.012   0.093
9.500   2.756   0.269   -1.000  -1.000  1.000   1.023   0.043   0.027   0.088
Report J1/J3 = -0.950 .
0.000   -0.036  0.000   -0.950  -0.950  1.000   0.148   0.124   0.000   0.000
0.500   0.480   0.707   -0.950  -0.950  1.000   0.152   0.121   0.072   0.053
1.000   0.995   3.514   -0.950  -0.950  1.000   0.217   0.105   0.390   0.083
1.500   2.125   26.513  -0.950  -0.950  1.000   0.817   0.070   0.889   0.086
2.000   2.727   4.373   -0.950  -0.950  1.000   1.008   0.076   0.046   0.064
2.500   2.873   2.687   -0.950  -0.950  1.000   1.017   0.065   0.020   0.031
3.000   2.921   1.834   -0.950  -0.950  1.000   1.043   0.073   0.031   0.062
3.500   2.950   1.073   -0.950  -0.950  1.000   1.049   0.072   0.022   0.055
4.000   2.961   0.568   -0.950  -0.950  1.000   1.051   0.071   0.017   0.055
4.500   2.969   0.442   -0.950  -0.950  1.000   1.042   0.064   0.009   0.051
5.000   2.972   0.398   -0.950  -0.950  1.000   1.043   0.069   0.013   0.041
5.500   2.976   0.278   -0.950  -0.950  1.000   1.047   0.067   0.020   0.060
6.000   2.977   0.355   -0.950  -0.950  1.000   1.045   0.066   0.009   0.072
6.500   2.979   0.198   -0.950  -0.950  1.000   1.043   0.064   0.013   0.044
7.000   2.976   0.225   -0.950  -0.950  1.000   1.044   0.067   0.014   0.063
7.500   2.981   0.217   -0.950  -0.950  1.000   1.047   0.069   0.009   0.066
8.000   2.981   0.237   -0.950  -0.950  1.000   1.056   0.072   0.020   0.074
8.500   2.981   0.247   -0.950  -0.950  1.000   1.059   0.073   0.013   0.076
9.000   2.983   0.219   -0.950  -0.950  1.000   1.055   0.068   0.016   0.064
9.500   2.982   0.252   -0.950  -0.950  1.000   1.053   0.067   0.018   0.112
Report J1/J3 = -0.900 .
0.000   -0.048  0.000   -0.900  -0.900  1.000   0.137   0.122   0.000   0.000
0.500   0.542   0.727   -0.900  -0.900  1.000   0.153   0.125   0.073   0.057
1.000   1.108   2.307   -0.900  -0.900  1.000   0.203   0.113   0.366   0.078
1.500   2.166   49.867  -0.900  -0.900  1.000   0.774   0.081   1.770   0.093
2.000   2.997   9.620   -0.900  -0.900  1.000   1.016   0.053   0.052   0.092
2.500   3.168   2.673   -0.900  -0.900  1.000   1.041   0.044   0.025   0.060
3.000   3.223   1.547   -0.900  -0.900  1.000   1.052   0.042   0.029   0.051
3.500   3.249   0.869   -0.900  -0.900  1.000   1.044   0.042   0.024   0.045
4.000   3.266   0.590   -0.900  -0.900  1.000   1.061   0.039   0.020   0.043
4.500   3.273   0.787   -0.900  -0.900  1.000   1.046   0.034   0.025   0.049
5.000   3.278   0.543   -0.900  -0.900  1.000   1.048   0.040   0.058   0.057
5.500   3.280   0.512   -0.900  -0.900  1.000   1.052   0.034   0.031   0.054
6.000   3.283   0.151   -0.900  -0.900  1.000   1.052   0.035   0.012   0.046
6.500   3.286   0.305   -0.900  -0.900  1.000   1.056   0.035   0.027   0.054
7.000   3.285   0.233   -0.900  -0.900  1.000   1.050   0.031   0.036   0.043
7.500   3.286   0.333   -0.900  -0.900  1.000   1.047   0.031   0.013   0.038
8.000   3.288   0.401   -0.900  -0.900  1.000   1.041   0.031   0.021   0.038
8.500   3.288   0.311   -0.900  -0.900  1.000   1.040   0.031   0.018   0.037
9.000   3.290   0.228   -0.900  -0.900  1.000   1.044   0.029   0.021   0.051
9.500   3.291   0.518   -0.900  -0.900  1.000   1.036   0.031   0.012   0.071
Report J1/J3 = -0.850 .
0.000   -0.046  0.000   -0.850  -0.850  1.000   0.137   0.122   0.000   0.000
0.500   0.564   0.636   -0.850  -0.850  1.000   0.151   0.124   0.072   0.069
1.000   1.169   2.775   -0.850  -0.850  1.000   0.215   0.111   0.267   0.079
1.500   2.124   39.394  -0.850  -0.850  1.000   0.676   0.083   2.621   0.116
2.000   3.244   4.910   -0.850  -0.850  1.000   0.995   0.049   0.049   0.051
2.500   3.434   2.832   -0.850  -0.850  1.000   0.998   0.042   0.020   0.061
3.000   3.519   2.301   -0.850  -0.850  1.000   1.015   0.037   0.070   0.042
3.500   3.556   1.308   -0.850  -0.850  1.000   1.053   0.036   0.022   0.058
4.000   3.583   0.725   -0.850  -0.850  1.000   1.056   0.032   0.021   0.049
4.500   3.585   0.404   -0.850  -0.850  1.000   1.051   0.031   0.022   0.041
5.000   3.596   0.349   -0.850  -0.850  1.000   1.058   0.029   0.024   0.041
5.500   3.600   0.417   -0.850  -0.850  1.000   1.060   0.030   0.017   0.081
6.000   3.602   0.624   -0.850  -0.850  1.000   1.058   0.026   0.029   0.046
6.500   3.603   0.217   -0.850  -0.850  1.000   1.058   0.033   0.029   0.081
7.000   3.603   0.167   -0.850  -0.850  1.000   1.063   0.029   0.025   0.072
7.500   3.607   0.158   -0.850  -0.850  1.000   1.063   0.029   0.025   0.065
8.000   3.608   0.203   -0.850  -0.850  1.000   1.061   0.029   0.028   0.061
8.500   3.609   0.265   -0.850  -0.850  1.000   1.065   0.028   0.013   0.111
9.000   3.607   0.388   -0.850  -0.850  1.000   1.063   0.028   0.029   0.047
9.500   3.610   0.217   -0.850  -0.850  1.000   1.058   0.027   0.024   0.055
Report J1/J3 = -0.800 .
0.000   -0.047  0.000   -0.800  -0.800  1.000   0.137   0.122   0.000   0.000
0.500   0.610   0.574   -0.800  -0.800  1.000   0.153   0.123   0.062   0.039
1.000   1.312   2.629   -0.800  -0.800  1.000   0.199   0.113   0.260   0.081
1.500   2.336   23.113  -0.800  -0.800  1.000   0.638   0.092   2.284   0.108
2.000   3.473   5.192   -0.800  -0.800  1.000   0.959   0.070   0.209   0.153
2.500   3.857   4.705   -0.800  -0.800  1.000   1.029   0.044   0.058   0.065
3.000   3.969   2.117   -0.800  -0.800  1.000   1.061   0.042   0.062   0.064
3.500   4.039   1.984   -0.800  -0.800  1.000   1.083   0.037   0.066   0.046
4.000   4.082   1.197   -0.800  -0.800  1.000   1.096   0.030   0.033   0.059
4.500   4.095   1.128   -0.800  -0.800  1.000   1.099   0.029   0.051   0.092
5.000   4.111   0.731   -0.800  -0.800  1.000   1.109   0.028   0.031   0.055
5.500   4.117   0.961   -0.800  -0.800  1.000   1.117   0.027   0.060   0.072
6.000   4.121   0.873   -0.800  -0.800  1.000   1.112   0.027   0.053   0.059
6.500   4.129   0.777   -0.800  -0.800  1.000   1.112   0.022   0.033   0.041
7.000   4.133   0.346   -0.800  -0.800  1.000   1.117   0.024   0.040   0.049
7.500   4.139   0.244   -0.800  -0.800  1.000   1.119   0.022   0.033   0.060
8.000   4.133   0.328   -0.800  -0.800  1.000   1.119   0.023   0.029   0.063
8.500   4.138   0.431   -0.800  -0.800  1.000   1.120   0.022   0.038   0.060
9.000   4.140   0.387   -0.800  -0.800  1.000   1.122   0.022   0.025   0.057
9.500   4.145   0.248   -0.800  -0.800  1.000   1.123   0.021   0.014   0.036
Report J1/J3 = -0.750 .
0.000   -0.066  0.000   -0.750  -0.750  1.000   0.137   0.122   0.000   0.000
0.500   0.651   0.505   -0.750  -0.750  1.000   0.152   0.123   0.057   0.051
1.000   1.384   2.202   -0.750  -0.750  1.000   0.204   0.114   0.245   0.066
1.500   2.365   11.396  -0.750  -0.750  1.000   0.482   0.097   2.191   0.116
2.000   3.955   12.651  -0.750  -0.750  1.000   0.993   0.062   0.160   0.094
2.500   4.431   4.908   -0.750  -0.750  1.000   1.068   0.044   0.125   0.050
3.000   4.627   2.315   -0.750  -0.750  1.000   1.100   0.050   0.055   0.066
3.500   4.689   2.178   -0.750  -0.750  1.000   1.108   0.050   0.036   0.074
4.000   4.721   1.121   -0.750  -0.750  1.000   1.105   0.046   0.093   0.064
4.500   4.759   1.362   -0.750  -0.750  1.000   1.128   0.049   0.085   0.061
5.000   4.779   1.080   -0.750  -0.750  1.000   1.140   0.048   0.052   0.042
5.500   4.778   0.792   -0.750  -0.750  1.000   1.140   0.048   0.031   0.082
6.000   4.799   0.284   -0.750  -0.750  1.000   1.148   0.048   0.023   0.050
6.500   4.794   0.423   -0.750  -0.750  1.000   1.140   0.046   0.027   0.056
7.000   4.807   0.598   -0.750  -0.750  1.000   1.152   0.049   0.027   0.057
7.500   4.803   0.708   -0.750  -0.750  1.000   1.141   0.047   0.048   0.056
8.000   4.810   0.427   -0.750  -0.750  1.000   1.149   0.052   0.029   0.040
8.500   4.816   0.429   -0.750  -0.750  1.000   1.158   0.052   0.022   0.023
9.000   4.819   0.504   -0.750  -0.750  1.000   1.154   0.049   0.046   0.024
9.500   4.819   0.589   -0.750  -0.750  1.000   1.154   0.051   0.031   0.032
Report J1/J3 = -0.700 .
0.000   -0.080  0.000   -0.700  -0.700  1.000   0.137   0.122   0.000   0.000
0.500   0.742   0.436   -0.700  -0.700  1.000   0.153   0.121   0.077   0.041
1.000   1.665   2.143   -0.700  -0.700  1.000   0.202   0.115   0.268   0.091
1.500   2.731   7.906   -0.700  -0.700  1.000   0.383   0.095   2.286   0.112
2.000   4.784   13.167  -0.700  -0.700  1.000   0.960   0.067   0.144   0.110
2.500   5.258   4.865   -0.700  -0.700  1.000   1.007   0.058   0.060   0.074
3.000   5.504   2.924   -0.700  -0.700  1.000   1.030   0.052   0.040   0.077
3.500   5.610   1.646   -0.700  -0.700  1.000   1.040   0.044   0.030   0.049
4.000   5.651   2.077   -0.700  -0.700  1.000   1.043   0.047   0.017   0.070
4.500   5.678   0.992   -0.700  -0.700  1.000   1.039   0.045   0.046   0.050
5.000   5.707   0.733   -0.700  -0.700  1.000   1.052   0.041   0.025   0.052
5.500   5.717   0.491   -0.700  -0.700  1.000   1.047   0.041   0.012   0.040
6.000   5.718   0.583   -0.700  -0.700  1.000   1.050   0.044   0.022   0.076
6.500   5.725   0.300   -0.700  -0.700  1.000   1.048   0.042   0.014   0.021
7.000   5.728   0.139   -0.700  -0.700  1.000   1.047   0.045   0.022   0.055
7.500   5.728   0.282   -0.700  -0.700  1.000   1.045   0.041   0.036   0.040
8.000   5.731   0.283   -0.700  -0.700  1.000   1.045   0.040   0.025   0.038
8.500   5.736   0.211   -0.700  -0.700  1.000   1.046   0.045   0.019   0.056
9.000   5.737   0.301   -0.700  -0.700  1.000   1.047   0.042   0.011   0.053
9.500   5.738   0.175   -0.700  -0.700  1.000   1.048   0.043   0.020   0.058
Report J1/J3 = -0.650 .
0.000   -0.092  0.000   -0.650  -0.650  1.000   0.137   0.122   0.000   0.000
0.500   0.970   0.465   -0.650  -0.650  1.000   0.151   0.123   0.084   0.045
1.000   2.039   1.687   -0.650  -0.650  1.000   0.206   0.116   0.254   0.071
1.500   3.221   5.839   -0.650  -0.650  1.000   0.380   0.101   1.247   0.103
2.000   5.550   15.430  -0.650  -0.650  1.000   0.929   0.072   0.240   0.130
2.500   6.714   4.409   -0.650  -0.650  1.000   1.063   0.059   0.072   0.085
3.000   7.101   2.934   -0.650  -0.650  1.000   1.098   0.046   0.070   0.058
3.500   7.264   2.099   -0.650  -0.650  1.000   1.119   0.045   0.032   0.083
4.000   7.374   1.698   -0.650  -0.650  1.000   1.133   0.037   0.029   0.077
4.500   7.422   1.228   -0.650  -0.650  1.000   1.139   0.038   0.035   0.066
5.000   7.460   1.414   -0.650  -0.650  1.000   1.142   0.037   0.082   0.059
5.500   7.489   1.005   -0.650  -0.650  1.000   1.153   0.035   0.031   0.051
6.000   7.495   1.664   -0.650  -0.650  1.000   1.155   0.035   0.043   0.038
6.500   7.502   0.708   -0.650  -0.650  1.000   1.157   0.034   0.019   0.031
7.000   7.525   0.572   -0.650  -0.650  1.000   1.162   0.032   0.013   0.015
7.500   7.535   0.450   -0.650  -0.650  1.000   1.165   0.030   0.016   0.016
8.000   7.540   0.731   -0.650  -0.650  1.000   1.169   0.033   0.018   0.046
8.500   7.543   0.381   -0.650  -0.650  1.000   1.167   0.030   0.016   0.017
9.000   7.544   0.515   -0.650  -0.650  1.000   1.167   0.030   0.010   0.020
9.500   7.555   0.721   -0.650  -0.650  1.000   1.170   0.030   0.017   0.017
Report J1/J3 = -0.600 .
0.000   -0.131  0.000   -0.600  -0.600  1.000   0.137   0.122   0.000   0.000
0.500   1.310   0.349   -0.600  -0.600  1.000   0.154   0.123   0.074   0.050
1.000   2.752   1.285   -0.600  -0.600  1.000   0.190   0.113   0.258   0.092
1.500   4.442   5.619   -0.600  -0.600  1.000   0.358   0.102   1.521   0.127
2.000   7.750   14.632  -0.600  -0.600  1.000   0.920   0.074   0.242   0.155
2.500   9.344   5.973   -0.600  -0.600  1.000   1.003   0.056   0.068   0.083
3.000   9.861   2.835   -0.600  -0.600  1.000   1.028   0.049   0.029   0.071
3.500   10.159  2.696   -0.600  -0.600  1.000   1.038   0.034   0.017   0.062
4.000   10.290  1.777   -0.600  -0.600  1.000   1.040   0.036   0.009   0.122
4.500   10.377  1.524   -0.600  -0.600  1.000   1.045   0.031   0.011   0.080
5.000   10.424  1.105   -0.600  -0.600  1.000   1.044   0.029   0.018   0.065
5.500   10.445  1.174   -0.600  -0.600  1.000   1.041   0.028   0.030   0.102
6.000   10.481  0.572   -0.600  -0.600  1.000   1.046   0.029   0.014   0.089
6.500   10.489  0.786   -0.600  -0.600  1.000   1.044   0.027   0.010   0.071
7.000   10.503  0.440   -0.600  -0.600  1.000   1.043   0.026   0.011   0.062
7.500   10.513  0.455   -0.600  -0.600  1.000   1.045   0.024   0.011   0.064
8.000   10.510  0.399   -0.600  -0.600  1.000   1.045   0.028   0.005   0.107
8.500   10.522  0.174   -0.600  -0.600  1.000   1.047   0.027   0.007   0.106
9.000   10.525  0.331   -0.600  -0.600  1.000   1.048   0.025   0.007   0.123
9.500   10.528  0.390   -0.600  -0.600  1.000   1.045   0.026   0.009   0.082
Report J1/J3 = -0.550 .
0.000   -0.309  0.000   -0.550  -0.550  1.000   0.137   0.122   0.000   0.000
0.500   2.475   0.390   -0.550  -0.550  1.000   0.154   0.120   0.077   0.052
1.000   5.145   1.715   -0.550  -0.550  1.000   0.193   0.111   0.266   0.086
1.500   7.886   4.979   -0.550  -0.550  1.000   0.324   0.103   1.182   0.099
2.000   13.217  10.273  -0.550  -0.550  1.000   0.909   0.081   0.386   0.168
2.500   16.453  5.256   -0.550  -0.550  1.000   0.992   0.063   0.079   0.089
3.000   17.959  5.062   -0.550  -0.550  1.000   1.042   0.070   0.043   0.168
3.500   18.606  3.428   -0.550  -0.550  1.000   1.058   0.053   0.025   0.074
4.000   19.011  2.459   -0.550  -0.550  1.000   1.065   0.054   0.008   0.074
4.500   19.116  1.785   -0.550  -0.550  1.000   1.062   0.055   0.014   0.075
5.000   19.253  1.434   -0.550  -0.550  1.000   1.064   0.051   0.011   0.062
5.500   19.355  0.654   -0.550  -0.550  1.000   1.066   0.053   0.013   0.036
6.000   19.426  0.794   -0.550  -0.550  1.000   1.067   0.047   0.014   0.038
6.500   19.423  0.648   -0.550  -0.550  1.000   1.066   0.046   0.015   0.038
7.000   19.450  0.538   -0.550  -0.550  1.000   1.069   0.047   0.017   0.035
7.500   19.488  0.263   -0.550  -0.550  1.000   1.070   0.048   0.004   0.030
8.000   19.474  0.560   -0.550  -0.550  1.000   1.069   0.048   0.012   0.034
8.500   19.487  0.302   -0.550  -0.550  1.000   1.070   0.049   0.009   0.048
9.000   19.501  0.424   -0.550  -0.550  1.000   1.070   0.047   0.024   0.041
9.500   19.511  0.382   -0.550  -0.550  1.000   1.073   0.047   0.007   0.025
Report J1/J3 = -0.500 .
0.000   inf     0.000   -0.500  -0.500  1.000   0.137   0.122   0.000   0.000
0.500   -inf    0.423   -0.500  -0.500  1.000   0.154   0.123   0.074   0.041
1.000   -inf    1.293   -0.500  -0.500  1.000   0.190   0.116   0.256   0.110
1.500   -inf    3.294   -0.500  -0.500  1.000   0.298   0.112   0.747   0.157
2.000   -inf    7.865   -0.500  -0.500  1.000   0.863   0.090   0.551   0.161
2.500   -inf    10.214  -0.500  -0.500  1.000   1.028   0.062   0.218   0.088
3.000   -inf    4.005   -0.500  -0.500  1.000   1.078   0.054   0.069   0.105
3.500   -inf    4.629   -0.500  -0.500  1.000   1.083   0.057   0.076   0.155
4.000   -inf    3.825   -0.500  -0.500  1.000   1.123   0.044   0.033   0.106
4.500   -inf    2.656   -0.500  -0.500  1.000   1.134   0.053   0.059   0.120
5.000   -inf    2.497   -0.500  -0.500  1.000   1.144   0.058   0.034   0.070
5.500   -inf    1.499   -0.500  -0.500  1.000   1.152   0.057   0.032   0.052
6.000   -inf    1.084   -0.500  -0.500  1.000   1.150   0.056   0.020   0.064
6.500   -inf    0.975   -0.500  -0.500  1.000   1.159   0.059   0.026   0.055
7.000   -inf    0.732   -0.500  -0.500  1.000   1.161   0.058   0.015   0.051
7.500   -inf    1.470   -0.500  -0.500  1.000   1.160   0.059   0.041   0.066
8.000   -inf    0.428   -0.500  -0.500  1.000   1.168   0.058   0.015   0.037
8.500   -inf    0.675   -0.500  -0.500  1.000   1.170   0.055   0.016   0.022
9.000   -inf    0.750   -0.500  -0.500  1.000   1.168   0.059   0.014   0.063
9.500   -inf    43.449  -0.500  -0.500  1.000   1.170   0.060   0.017   0.044
Report J1/J3 = -0.450 .
0.000   0.335   0.000   -0.450  -0.450  1.000   0.137   0.122   0.000   0.000
0.500   -2.074  0.299   -0.450  -0.450  1.000   0.155   0.122   0.070   0.046
1.000   -4.200  1.196   -0.450  -0.450  1.000   0.182   0.119   0.179   0.084
1.500   -6.495  2.969   -0.450  -0.450  1.000   0.274   0.113   0.661   0.137
2.000   -10.749 7.080   -0.450  -0.450  1.000   0.866   0.092   0.577   0.205
2.500   -13.412 8.963   -0.450  -0.450  1.000   1.007   0.076   0.140   0.219
3.000   -15.518 7.093   -0.450  -0.450  1.000   1.057   0.064   0.082   0.186
3.500   -16.097 4.322   -0.450  -0.450  1.000   1.082   0.052   0.050   0.161
4.000   -16.610 3.591   -0.450  -0.450  1.000   1.091   0.043   0.040   0.161
4.500   -16.956 2.243   -0.450  -0.450  1.000   1.090   0.041   0.028   0.111
5.000   -17.098 2.875   -0.450  -0.450  1.000   1.091   0.033   0.027   0.087
5.500   -17.287 1.662   -0.450  -0.450  1.000   1.087   0.033   0.022   0.096
6.000   -17.371 1.247   -0.450  -0.450  1.000   1.082   0.033   0.048   0.135
6.500   -17.408 1.047   -0.450  -0.450  1.000   1.083   0.027   0.022   0.076
7.000   -17.457 0.692   -0.450  -0.450  1.000   1.079   0.031   0.033   0.115
7.500   -17.509 0.938   -0.450  -0.450  1.000   1.083   0.032   0.021   0.069
8.000   -17.504 0.644   -0.450  -0.450  1.000   1.091   0.026   0.022   0.119
8.500   -17.530 0.740   -0.450  -0.450  1.000   1.079   0.029   0.018   0.097
9.000   -17.529 3.232   -0.450  -0.450  1.000   1.076   0.029   0.019   0.109
9.500   -18.537 32.268  -0.450  -0.450  1.000   1.081   0.026   0.040   0.096
Report J1/J3 = -0.400 .
0.000   0.092   0.000   -0.400  -0.400  1.000   0.137   0.122   0.000   0.000
0.500   -1.010  0.314   -0.400  -0.400  1.000   0.150   0.122   0.078   0.044
1.000   -2.064  1.203   -0.400  -0.400  1.000   0.193   0.119   0.244   0.098
1.500   -3.095  2.669   -0.400  -0.400  1.000   0.289   0.114   0.851   0.162
2.000   -4.951  6.116   -0.400  -0.400  1.000   0.828   0.098   0.579   0.215
2.500   -6.007  8.585   -0.400  -0.400  1.000   0.980   0.090   0.304   0.310
3.000   -7.033  8.422   -0.400  -0.400  1.000   1.028   0.062   0.141   0.158
3.500   -7.564  5.908   -0.400  -0.400  1.000   1.089   0.060   0.063   0.140
4.000   -7.892  3.860   -0.400  -0.400  1.000   1.096   0.051   0.036   0.133
4.500   -8.042  3.212   -0.400  -0.400  1.000   1.090   0.050   0.019   0.090
5.000   -8.119  2.857   -0.400  -0.400  1.000   1.091   0.055   0.024   0.114
5.500   -8.194  2.029   -0.400  -0.400  1.000   1.094   0.052   0.032   0.101
6.000   -8.236  1.720   -0.400  -0.400  1.000   1.090   0.051   0.015   0.127
6.500   -8.286  1.307   -0.400  -0.400  1.000   1.094   0.051   0.033   0.137
7.000   -8.305  1.453   -0.400  -0.400  1.000   1.096   0.054   0.017   0.141
7.500   -8.334  1.048   -0.400  -0.400  1.000   1.098   0.048   0.021   0.091
8.000   -8.346  0.793   -0.400  -0.400  1.000   1.099   0.048   0.022   0.048
8.500   -8.363  0.737   -0.400  -0.400  1.000   1.098   0.047   0.016   0.075
9.000   -8.548  31.791  -0.400  -0.400  1.000   1.101   0.051   0.011   0.099
9.500   -8.839  20.439  -0.400  -0.400  1.000   1.103   0.047   0.007   0.076
Report J1/J3 = -0.350 .
0.000   0.058   0.000   -0.350  -0.350  1.000   0.148   0.124   0.000   0.000
0.500   -0.591  0.323   -0.350  -0.350  1.000   0.153   0.122   0.082   0.062
1.000   -1.255  1.107   -0.350  -0.350  1.000   0.179   0.123   0.198   0.141
1.500   -1.908  2.763   -0.350  -0.350  1.000   0.276   0.113   0.695   0.134
2.000   -2.992  7.222   -0.350  -0.350  1.000   0.778   0.106   0.929   0.291
2.500   -3.693  5.574   -0.350  -0.350  1.000   0.960   0.092   0.288   0.302
3.000   -4.178  6.151   -0.350  -0.350  1.000   1.049   0.079   0.171   0.331
3.500   -4.520  6.577   -0.350  -0.350  1.000   1.048   0.069   0.184   0.195
4.000   -4.797  5.983   -0.350  -0.350  1.000   1.077   0.063   0.086   0.201
4.500   -4.973  3.862   -0.350  -0.350  1.000   1.072   0.049   0.040   0.176
5.000   -5.064  2.811   -0.350  -0.350  1.000   1.076   0.051   0.030   0.124
5.500   -5.111  2.720   -0.350  -0.350  1.000   1.080   0.049   0.023   0.122
6.000   -5.150  1.967   -0.350  -0.350  1.000   1.076   0.049   0.046   0.127
6.500   -5.181  2.051   -0.350  -0.350  1.000   1.081   0.044   0.038   0.134
7.000   -5.207  1.310   -0.350  -0.350  1.000   1.082   0.044   0.027   0.132
7.500   -5.225  1.698   -0.350  -0.350  1.000   1.082   0.043   0.023   0.106
8.000   -5.248  1.071   -0.350  -0.350  1.000   1.086   0.044   0.020   0.110
8.500   -5.335  24.538  -0.350  -0.350  1.000   1.085   0.045   0.029   0.108
9.000   -5.454  17.913  -0.350  -0.350  1.000   1.087   0.041   0.024   0.077
9.500   -5.639  26.411  -0.350  -0.350  1.000   1.085   0.041   0.018   0.099
Report J1/J3 = -0.300 .
0.000   0.036   0.000   -0.300  -0.300  1.000   0.137   0.122   0.000   0.000
0.500   -0.460  0.251   -0.300  -0.300  1.000   0.152   0.124   0.073   0.059
1.000   -0.929  1.121   -0.300  -0.300  1.000   0.185   0.120   0.228   0.099
1.500   -1.334  2.525   -0.300  -0.300  1.000   0.264   0.117   0.751   0.143
2.000   -2.106  6.984   -0.300  -0.300  1.000   0.768   0.106   1.068   0.303
2.500   -2.575  5.413   -0.300  -0.300  1.000   0.955   0.095   0.356   0.373
3.000   -2.838  4.915   -0.300  -0.300  1.000   1.033   0.089   0.178   0.408
3.500   -3.056  6.280   -0.300  -0.300  1.000   1.067   0.075   0.144   0.359
4.000   -3.289  6.149   -0.300  -0.300  1.000   1.092   0.063   0.196   0.241
4.500   -3.467  5.572   -0.300  -0.300  1.000   1.144   0.056   0.050   0.301
5.000   -3.605  5.450   -0.300  -0.300  1.000   1.157   0.045   0.043   0.168
5.500   -3.714  4.316   -0.300  -0.300  1.000   1.186   0.047   0.029   0.398
6.000   -3.763  3.209   -0.300  -0.300  1.000   1.189   0.039   0.012   0.259
6.500   -3.804  3.088   -0.300  -0.300  1.000   1.194   0.033   0.009   0.229
7.000   -3.816  2.393   -0.300  -0.300  1.000   1.194   0.035   0.012   0.175
7.500   -3.850  2.168   -0.300  -0.300  1.000   1.200   0.032   0.004   0.210
8.000   -3.860  1.883   -0.300  -0.300  1.000   1.200   0.029   0.006   0.242
8.500   -3.987  1.613   -0.300  -0.300  1.000   1.201   0.026   0.006   0.144
9.000   -4.003  7.487   -0.300  -0.300  1.000   1.203   0.024   0.005   0.158
9.500   -4.127  1.341   -0.300  -0.300  1.000   1.203   0.028   0.005   0.172
Report J1/J3 = -0.250 .
0.000   0.045   0.000   -0.250  -0.250  1.000   0.137   0.122   0.000   0.000
0.500   -0.334  0.234   -0.250  -0.250  1.000   0.152   0.125   0.076   0.055
1.000   -0.672  1.034   -0.250  -0.250  1.000   0.182   0.122   0.217   0.105
1.500   -1.000  2.520   -0.250  -0.250  1.000   0.274   0.119   0.818   0.133
2.000   -1.539  7.256   -0.250  -0.250  1.000   0.712   0.108   2.163   0.294
2.500   -1.916  3.982   -0.250  -0.250  1.000   0.949   0.094   0.324   0.421
3.000   -2.096  5.082   -0.250  -0.250  1.000   1.027   0.090   0.268   0.482
3.500   -2.213  4.876   -0.250  -0.250  1.000   1.074   0.081   0.177   0.307
4.000   -2.372  5.497   -0.250  -0.250  1.000   1.112   0.064   0.080   0.248
4.500   -2.461  5.099   -0.250  -0.250  1.000   1.123   0.059   0.082   0.321
5.000   -2.571  5.665   -0.250  -0.250  1.000   1.133   0.051   0.051   0.306
5.500   -2.635  3.929   -0.250  -0.250  1.000   1.145   0.046   0.028   0.230
6.000   -2.665  3.923   -0.250  -0.250  1.000   1.150   0.049   0.043   0.293
6.500   -2.725  4.200   -0.250  -0.250  1.000   1.169   0.046   0.023   0.277
7.000   -2.797  7.208   -0.250  -0.250  1.000   1.187   0.036   0.033   0.261
7.500   -2.834  2.905   -0.250  -0.250  1.000   1.194   0.038   0.014   0.220
8.000   -2.857  6.330   -0.250  -0.250  1.000   1.197   0.031   0.011   0.335
8.500   -2.945  2.757   -0.250  -0.250  1.000   1.194   0.030   0.011   0.184
9.000   -3.032  7.162   -0.250  -0.250  1.000   1.192   0.031   0.012   0.201
9.500   -3.132  18.217  -0.250  -0.250  1.000   1.200   0.025   0.007   0.142
Report J1/J3 = -0.200 .
0.000   0.021   0.000   -0.200  -0.200  1.000   0.137   0.122   0.000   0.000
0.500   -0.273  0.253   -0.200  -0.200  1.000   0.152   0.121   0.080   0.051
1.000   -0.559  1.080   -0.200  -0.200  1.000   0.174   0.122   0.160   0.096
1.500   -0.812  1.592   -0.200  -0.200  1.000   0.266   0.119   0.680   0.167
2.000   -1.185  7.531   -0.200  -0.200  1.000   0.655   0.111   2.331   0.311
2.500   -1.518  4.341   -0.200  -0.200  1.000   0.938   0.105   0.361   0.433
3.000   -1.647  2.753   -0.200  -0.200  1.000   1.018   0.100   0.248   0.497
3.500   -1.729  2.763   -0.200  -0.200  1.000   1.069   0.096   0.186   0.573
4.000   -1.792  3.117   -0.200  -0.200  1.000   1.101   0.097   0.138   0.759
4.500   -1.846  3.710   -0.200  -0.200  1.000   1.118   0.087   0.078   0.775
5.000   -1.880  3.399   -0.200  -0.200  1.000   1.129   0.082   0.100   0.727
5.500   -1.958  5.583   -0.200  -0.200  1.000   1.140   0.076   0.065   0.619
6.000   -2.034  4.055   -0.200  -0.200  1.000   1.152   0.059   0.061   0.390
6.500   -2.073  3.849   -0.200  -0.200  1.000   1.161   0.059   0.048   0.569
7.000   -2.138  12.178  -0.200  -0.200  1.000   1.181   0.047   0.032   0.348
7.500   -2.237  5.842   -0.200  -0.200  1.000   1.187   0.043   0.019   0.483
8.000   -2.285  19.641  -0.200  -0.200  1.000   1.187   0.039   0.025   0.304
8.500   -2.355  2.962   -0.200  -0.200  1.000   1.198   0.038   0.009   0.264
9.000   -2.422  2.501   -0.200  -0.200  1.000   1.197   0.037   0.006   0.354
9.500   -2.430  2.762   -0.200  -0.200  1.000   1.199   0.034   0.008   0.350
Report J1/J3 = -0.150 .
0.000   0.020   0.000   -0.150  -0.150  1.000   0.137   0.122   0.000   0.000
0.500   -0.220  0.219   -0.150  -0.150  1.000   0.151   0.127   0.081   0.047
1.000   -0.447  0.933   -0.150  -0.150  1.000   0.176   0.121   0.232   0.071
1.500   -0.658  1.887   -0.150  -0.150  1.000   0.261   0.118   0.711   0.137
2.000   -0.978  7.229   -0.150  -0.150  1.000   0.659   0.116   1.872   0.344
2.500   -1.233  3.794   -0.150  -0.150  1.000   0.926   0.110   0.453   0.587
3.000   -1.337  2.103   -0.150  -0.150  1.000   1.011   0.097   0.265   0.592
3.500   -1.383  2.786   -0.150  -0.150  1.000   1.049   0.107   0.224   0.563
4.000   -1.427  2.539   -0.150  -0.150  1.000   1.083   0.100   0.148   0.758
4.500   -1.462  2.348   -0.150  -0.150  1.000   1.112   0.092   0.135   1.010
5.000   -1.487  3.065   -0.150  -0.150  1.000   1.124   0.086   0.128   0.841
5.500   -1.517  3.277   -0.150  -0.150  1.000   1.139   0.078   0.095   0.758
6.000   -1.545  3.087   -0.150  -0.150  1.000   1.156   0.078   0.083   0.963
6.500   -1.564  5.077   -0.150  -0.150  1.000   1.154   0.070   0.054   0.743
7.000   -1.585  4.720   -0.150  -0.150  1.000   1.156   0.069   0.059   0.947
7.500   -1.645  10.581  -0.150  -0.150  1.000   1.163   0.079   0.054   0.939
8.000   -1.682  3.919   -0.150  -0.150  1.000   1.163   0.061   0.097   0.750
8.500   -1.771  6.076   -0.150  -0.150  1.000   1.167   0.051   0.047   0.501
9.000   -1.832  39.084  -0.150  -0.150  1.000   1.180   0.048   0.038   0.556
9.500   -1.876  6.096   -0.150  -0.150  1.000   1.186   0.047   0.024   0.507
Report J1/J3 = -0.100 .
0.000   0.017   0.000   -0.100  -0.100  1.000   0.137   0.122   0.000   0.000
0.500   -0.192  0.286   -0.100  -0.100  1.000   0.154   0.121   0.079   0.041
1.000   -0.384  0.729   -0.100  -0.100  1.000   0.174   0.128   0.209   0.098
1.500   -0.552  1.704   -0.100  -0.100  1.000   0.250   0.117   0.653   0.147
2.000   -0.828  7.034   -0.100  -0.100  1.000   0.660   0.123   1.992   0.308
2.500   -1.041  2.734   -0.100  -0.100  1.000   0.921   0.111   0.318   0.466
3.000   -1.115  2.617   -0.100  -0.100  1.000   1.001   0.105   0.294   0.612
3.500   -1.159  2.408   -0.100  -0.100  1.000   1.050   0.101   0.241   0.625
4.000   -1.188  2.156   -0.100  -0.100  1.000   1.084   0.106   0.188   0.991
4.500   -1.211  1.787   -0.100  -0.100  1.000   1.105   0.091   0.151   0.964
5.000   -1.225  1.744   -0.100  -0.100  1.000   1.125   0.088   0.107   0.932
5.500   -1.240  2.598   -0.100  -0.100  1.000   1.134   0.090   0.116   0.939
6.000   -1.257  1.566   -0.100  -0.100  1.000   1.152   0.092   0.053   0.905
6.500   -1.263  2.901   -0.100  -0.100  1.000   1.154   0.081   0.087   1.107
7.000   -1.277  2.223   -0.100  -0.100  1.000   1.164   0.078   0.080   1.156
7.500   -1.294  7.238   -0.100  -0.100  1.000   1.168   0.075   0.047   0.851
8.000   -1.337  2.217   -0.100  -0.100  1.000   1.174   0.078   0.053   1.104
8.500   -1.381  9.902   -0.100  -0.100  1.000   1.182   0.067   0.064   1.061
9.000   -1.424  16.240  -0.100  -0.100  1.000   1.182   0.067   0.041   0.890
9.500   -1.444  2.913   -0.100  -0.100  1.000   1.188   0.059   0.045   0.924
Report J1/J3 = -0.050 .
0.000   0.017   0.000   -0.050  -0.050  1.000   0.137   0.122   0.000   0.000
0.500   -0.163  0.284   -0.050  -0.050  1.000   0.151   0.127   0.076   0.045
1.000   -0.325  0.967   -0.050  -0.050  1.000   0.178   0.121   0.194   0.093
1.500   -0.481  1.692   -0.050  -0.050  1.000   0.249   0.125   0.609   0.179
2.000   -0.711  8.670   -0.050  -0.050  1.000   0.643   0.113   2.501   0.275
2.500   -0.905  2.896   -0.050  -0.050  1.000   0.924   0.121   0.357   0.744
3.000   -0.972  1.866   -0.050  -0.050  1.000   1.005   0.120   0.225   0.920
3.500   -0.999  2.002   -0.050  -0.050  1.000   1.044   0.109   0.235   0.901
4.000   -1.021  1.725   -0.050  -0.050  1.000   1.078   0.108   0.162   0.948
4.500   -1.036  1.574   -0.050  -0.050  1.000   1.101   0.113   0.167   1.490
5.000   -1.047  1.418   -0.050  -0.050  1.000   1.119   0.107   0.122   1.393
5.500   -1.057  1.133   -0.050  -0.050  1.000   1.135   0.099   0.091   1.507
6.000   -1.065  1.301   -0.050  -0.050  1.000   1.146   0.098   0.094   1.449
6.500   -1.071  1.373   -0.050  -0.050  1.000   1.155   0.108   0.070   1.997
7.000   -1.076  1.657   -0.050  -0.050  1.000   1.163   0.094   0.072   1.418
7.500   -1.081  1.453   -0.050  -0.050  1.000   1.170   0.096   0.067   1.817
8.000   -1.087  1.161   -0.050  -0.050  1.000   1.177   0.090   0.050   1.498
8.500   -1.090  1.431   -0.050  -0.050  1.000   1.181   0.083   0.071   1.894
9.000   -1.094  1.235   -0.050  -0.050  1.000   1.185   0.090   0.041   1.909
9.500   -1.098  1.657   -0.050  -0.050  1.000   1.189   0.086   0.059   1.846
Report J1/J3 = 0.000 .
0.000   0.010   0.000   0.000   0.000   1.000   0.148   0.124   0.000   0.000
0.500   -0.146  0.269   0.000   0.000   1.000   0.158   0.123   0.107   0.037
1.000   -0.309  0.858   0.000   0.000   1.000   0.187   0.122   0.275   0.108
1.500   -0.445  1.683   0.000   0.000   1.000   0.260   0.121   0.656   0.160
2.000   -0.655  7.919   0.000   0.000   1.000   0.668   0.114   1.895   0.294
2.500   -0.813  3.389   0.000   0.000   1.000   0.912   0.116   0.417   0.438
3.000   -0.872  1.947   0.000   0.000   1.000   1.000   0.124   0.297   1.098
3.500   -0.902  1.432   0.000   0.000   1.000   1.044   0.114   0.217   1.127
4.000   -0.919  1.206   0.000   0.000   1.000   1.078   0.111   0.140   1.341
4.500   -0.933  1.317   0.000   0.000   1.000   1.106   0.103   0.138   1.250
5.000   -0.939  1.286   0.000   0.000   1.000   1.115   0.105   0.144   1.356
5.500   -0.947  1.016   0.000   0.000   1.000   1.133   0.105   0.095   1.659
6.000   -0.953  1.035   0.000   0.000   1.000   1.147   0.100   0.087   1.229
6.500   -0.958  0.951   0.000   0.000   1.000   1.155   0.092   0.079   1.544
7.000   -0.962  1.227   0.000   0.000   1.000   1.163   0.097   0.089   1.730
7.500   -0.964  0.836   0.000   0.000   1.000   1.169   0.094   0.059   1.708
8.000   -0.967  0.865   0.000   0.000   1.000   1.174   0.089   0.055   1.677
8.500   -0.968  0.907   0.000   0.000   1.000   1.175   0.090   0.067   2.424
9.000   -0.971  1.053   0.000   0.000   1.000   1.182   0.096   0.060   2.140
9.500   -0.990  13.131  0.000   0.000   1.000   1.186   0.083   0.053   1.713
Report J1/J3 = 0.050 .
0.000   0.009   0.000   0.050   0.050   1.000   0.137   0.122   0.000   0.000
0.500   -0.136  0.226   0.050   0.050   1.000   0.156   0.122   0.073   0.053
1.000   -0.276  0.745   0.050   0.050   1.000   0.190   0.123   0.186   0.112
1.500   -0.401  1.868   0.050   0.050   1.000   0.254   0.127   0.748   0.166
2.000   -0.597  7.200   0.050   0.050   1.000   0.659   0.125   1.960   0.458
2.500   -0.750  3.168   0.050   0.050   1.000   0.933   0.126   0.359   0.754
3.000   -0.798  2.147   0.050   0.050   1.000   0.997   0.120   0.284   0.915
3.500   -0.827  1.889   0.050   0.050   1.000   1.050   0.108   0.217   1.072
4.000   -0.841  1.647   0.050   0.050   1.000   1.077   0.104   0.189   0.863
4.500   -0.854  1.380   0.050   0.050   1.000   1.105   0.104   0.134   0.945
5.000   -0.864  1.774   0.050   0.050   1.000   1.124   0.104   0.157   1.149
5.500   -0.869  1.334   0.050   0.050   1.000   1.132   0.101   0.102   1.300
6.000   -0.876  1.788   0.050   0.050   1.000   1.143   0.100   0.127   1.584
6.500   -0.883  1.460   0.050   0.050   1.000   1.158   0.099   0.094   1.383
7.000   -0.886  1.294   0.050   0.050   1.000   1.163   0.086   0.056   1.334
7.500   -0.890  1.266   0.050   0.050   1.000   1.167   0.098   0.079   2.092
8.000   -0.894  1.309   0.050   0.050   1.000   1.178   0.077   0.044   1.280
8.500   -0.898  1.163   0.050   0.050   1.000   1.180   0.091   0.054   1.897
9.000   -0.899  1.732   0.050   0.050   1.000   1.181   0.086   0.049   1.911
9.500   -0.914  12.408  0.050   0.050   1.000   1.188   0.093   0.040   2.199
Report J1/J3 = 0.100 .
0.000   0.015   0.000   0.100   0.100   1.000   0.137   0.122   0.000   0.000
0.500   -0.118  0.270   0.100   0.100   1.000   0.153   0.127   0.068   0.045
1.000   -0.240  0.703   0.100   0.100   1.000   0.181   0.121   0.236   0.085
1.500   -0.362  1.722   0.100   0.100   1.000   0.252   0.119   0.559   0.181
2.000   -0.551  7.418   0.100   0.100   1.000   0.692   0.113   1.616   0.195
2.500   -0.691  2.850   0.100   0.100   1.000   0.932   0.113   0.356   0.618
3.000   -0.736  2.236   0.100   0.100   1.000   1.000   0.106   0.252   0.499
3.500   -0.765  2.348   0.100   0.100   1.000   1.053   0.101   0.239   0.935
4.000   -0.782  1.950   0.100   0.100   1.000   1.081   0.108   0.163   0.912
4.500   -0.797  2.333   0.100   0.100   1.000   1.104   0.100   0.173   1.110
5.000   -0.809  2.268   0.100   0.100   1.000   1.126   0.095   0.162   1.082
5.500   -0.819  2.561   0.100   0.100   1.000   1.135   0.084   0.101   1.149
6.000   -0.827  2.203   0.100   0.100   1.000   1.150   0.087   0.085   1.319
6.500   -0.835  1.331   0.100   0.100   1.000   1.159   0.085   0.053   0.901
7.000   -0.840  2.144   0.100   0.100   1.000   1.162   0.084   0.060   1.242
7.500   -0.844  2.614   0.100   0.100   1.000   1.163   0.077   0.086   0.984
8.000   -0.852  2.748   0.100   0.100   1.000   1.175   0.077   0.061   1.197
8.500   -0.857  2.107   0.100   0.100   1.000   1.180   0.078   0.042   1.304
9.000   -0.866  10.496  0.100   0.100   1.000   1.179   0.069   0.045   1.115
9.500   -0.893  3.341   0.100   0.100   1.000   1.185   0.063   0.037   0.918
Report J1/J3 = 0.150 .
0.000   0.006   0.000   0.150   0.150   1.000   0.137   0.122   0.000   0.000
0.500   -0.129  0.268   0.150   0.150   1.000   0.163   0.129   0.066   0.045
1.000   -0.246  0.909   0.150   0.150   1.000   0.173   0.123   0.175   0.103
1.500   -0.359  2.115   0.150   0.150   1.000   0.253   0.119   0.666   0.176
2.000   -0.526  8.989   0.150   0.150   1.000   0.645   0.116   2.424   0.232
2.500   -0.674  2.872   0.150   0.150   1.000   0.933   0.112   0.296   0.523
3.000   -0.723  2.419   0.150   0.150   1.000   1.009   0.103   0.293   0.674
3.500   -0.755  2.420   0.150   0.150   1.000   1.060   0.107   0.182   0.779
4.000   -0.776  2.382   0.150   0.150   1.000   1.087   0.092   0.149   0.607
4.500   -0.796  2.221   0.150   0.150   1.000   1.115   0.092   0.126   0.910
5.000   -0.809  3.212   0.150   0.150   1.000   1.124   0.092   0.133   0.983
5.500   -0.821  2.987   0.150   0.150   1.000   1.138   0.089   0.110   0.921
6.000   -0.833  2.593   0.150   0.150   1.000   1.150   0.094   0.073   1.052
6.500   -0.845  3.206   0.150   0.150   1.000   1.152   0.077   0.082   0.873
7.000   -0.852  5.265   0.150   0.150   1.000   1.162   0.080   0.084   1.099
7.500   -0.864  8.575   0.150   0.150   1.000   1.165   0.077   0.053   1.287
8.000   -0.897  15.258  0.150   0.150   1.000   1.172   0.065   0.048   0.910
8.500   -0.926  5.519   0.150   0.150   1.000   1.186   0.046   0.020   0.404
9.000   -0.948  25.153  0.150   0.150   1.000   1.190   0.042   0.014   0.468
9.500   -0.971  4.476   0.150   0.150   1.000   1.192   0.041   0.018   0.414
Report J1/J3 = 0.200 .
0.000   0.009   0.000   0.200   0.200   1.000   0.137   0.122   0.000   0.000
0.500   -0.122  0.292   0.200   0.200   1.000   0.160   0.125   0.080   0.046
1.000   -0.232  0.845   0.200   0.200   1.000   0.176   0.125   0.161   0.123
1.500   -0.346  2.111   0.200   0.200   1.000   0.257   0.121   0.609   0.161
2.000   -0.527  8.375   0.200   0.200   1.000   0.706   0.110   1.649   0.300
2.500   -0.643  3.760   0.200   0.200   1.000   0.924   0.102   0.332   0.312
3.000   -0.703  2.891   0.200   0.200   1.000   1.014   0.092   0.212   0.650
3.500   -0.735  3.136   0.200   0.200   1.000   1.057   0.101   0.173   0.625
4.000   -0.762  2.900   0.200   0.200   1.000   1.088   0.082   0.134   0.568
4.500   -0.789  4.238   0.200   0.200   1.000   1.119   0.084   0.134   0.651
5.000   -0.808  4.296   0.200   0.200   1.000   1.135   0.083   0.117   0.807
5.500   -0.829  4.287   0.200   0.200   1.000   1.142   0.072   0.057   0.487
6.000   -0.883  5.637   0.200   0.200   1.000   1.164   0.053   0.049   0.328
6.500   -0.904  5.550   0.200   0.200   1.000   1.174   0.048   0.041   0.292
7.000   -0.918  4.884   0.200   0.200   1.000   1.179   0.047   0.042   0.319
7.500   -0.928  3.805   0.200   0.200   1.000   1.185   0.046   0.017   0.292
8.000   -0.940  5.561   0.200   0.200   1.000   1.195   0.050   0.021   0.257
8.500   -0.943  3.668   0.200   0.200   1.000   1.190   0.044   0.010   0.287
9.000   -0.977  7.340   0.200   0.200   1.000   1.191   0.043   0.009   0.357
9.500   -0.983  2.690   0.200   0.200   1.000   1.194   0.039   0.007   0.291
Report J1/J3 = 0.250 .
0.000   0.007   0.000   0.250   0.250   1.000   0.137   0.122   0.000   0.000
0.500   -0.122  0.306   0.250   0.250   1.000   0.154   0.124   0.073   0.045
1.000   -0.237  1.165   0.250   0.250   1.000   0.177   0.122   0.178   0.076
1.500   -0.350  2.263   0.250   0.250   1.000   0.260   0.121   0.782   0.137
2.000   -0.532  7.871   0.250   0.250   1.000   0.724   0.115   1.680   0.244
2.500   -0.656  3.766   0.250   0.250   1.000   0.946   0.101   0.316   0.480
3.000   -0.715  4.252   0.250   0.250   1.000   1.025   0.096   0.236   0.549
3.500   -0.748  4.944   0.250   0.250   1.000   1.050   0.082   0.248   0.376
4.000   -0.799  6.532   0.250   0.250   1.000   1.094   0.075   0.123   0.418
4.500   -0.840  5.818   0.250   0.250   1.000   1.111   0.065   0.077   0.354
5.000   -0.859  6.641   0.250   0.250   1.000   1.114   0.057   0.096   0.405
5.500   -0.885  4.580   0.250   0.250   1.000   1.128   0.053   0.058   0.294
6.000   -0.898  5.546   0.250   0.250   1.000   1.120   0.049   0.036   0.241
6.500   -0.921  2.489   0.250   0.250   1.000   1.144   0.040   0.029   0.205
7.000   -0.925  2.502   0.250   0.250   1.000   1.135   0.045   0.027   0.162
7.500   -0.938  3.082   0.250   0.250   1.000   1.153   0.036   0.018   0.172
8.000   -0.943  2.388   0.250   0.250   1.000   1.162   0.037   0.025   0.246
8.500   -0.947  2.443   0.250   0.250   1.000   1.161   0.034   0.025   0.258
9.000   -0.963  22.141  0.250   0.250   1.000   1.158   0.036   0.029   0.215
9.500   -0.996  8.231   0.250   0.250   1.000   1.181   0.038   0.047   0.333
Report J1/J3 = 0.300 .
0.000   0.001   0.000   0.300   0.300   1.000   0.147   0.123   0.000   0.000
0.500   -0.122  0.254   0.300   0.300   1.000   0.150   0.123   0.088   0.056
1.000   -0.241  1.061   0.300   0.300   1.000   0.179   0.119   0.211   0.081
1.500   -0.348  2.230   0.300   0.300   1.000   0.274   0.118   0.874   0.138
2.000   -0.547  7.907   0.300   0.300   1.000   0.770   0.106   1.243   0.372
2.500   -0.657  4.129   0.300   0.300   1.000   0.949   0.097   0.275   0.372
3.000   -0.729  5.796   0.300   0.300   1.000   1.040   0.085   0.235   0.333
3.500   -0.795  8.431   0.300   0.300   1.000   1.076   0.080   0.124   0.415
4.000   -0.845  5.664   0.300   0.300   1.000   1.094   0.063   0.114   0.265
4.500   -0.877  3.684   0.300   0.300   1.000   1.098   0.060   0.071   0.204
5.000   -0.901  3.404   0.300   0.300   1.000   1.112   0.049   0.046   0.208
5.500   -0.915  3.253   0.300   0.300   1.000   1.127   0.050   0.040   0.290
6.000   -0.924  2.658   0.300   0.300   1.000   1.130   0.055   0.019   0.322
6.500   -0.936  2.447   0.300   0.300   1.000   1.137   0.052   0.024   0.229
7.000   -0.940  2.938   0.300   0.300   1.000   1.143   0.053   0.034   0.365
7.500   -0.943  1.611   0.300   0.300   1.000   1.134   0.056   0.014   0.257
8.000   -0.946  1.898   0.300   0.300   1.000   1.135   0.054   0.032   0.274
8.500   -0.951  1.392   0.300   0.300   1.000   1.139   0.048   0.018   0.170
9.000   -0.971  27.838  0.300   0.300   1.000   1.143   0.055   0.042   0.250
9.500   -0.985  1.317   0.300   0.300   1.000   1.144   0.051   0.028   0.186
Report J1/J3 = 0.350 .
0.000   0.001   0.000   0.350   0.350   1.000   0.137   0.122   0.000   0.000
0.500   -0.126  0.266   0.350   0.350   1.000   0.159   0.123   0.085   0.045
1.000   -0.238  0.837   0.350   0.350   1.000   0.183   0.122   0.223   0.104
1.500   -0.358  2.988   0.350   0.350   1.000   0.268   0.116   0.621   0.158
2.000   -0.551  7.675   0.350   0.350   1.000   0.770   0.103   1.288   0.260
2.500   -0.670  5.797   0.350   0.350   1.000   0.961   0.087   0.316   0.231
3.000   -0.752  9.158   0.350   0.350   1.000   1.044   0.076   0.259   0.276
3.500   -0.817  7.935   0.350   0.350   1.000   1.072   0.066   0.120   0.303
4.000   -0.867  5.887   0.350   0.350   1.000   1.089   0.063   0.115   0.301
4.500   -0.897  5.267   0.350   0.350   1.000   1.119   0.047   0.115   0.162
5.000   -0.923  3.712   0.350   0.350   1.000   1.147   0.048   0.043   0.152
5.500   -0.939  3.288   0.350   0.350   1.000   1.157   0.053   0.020   0.161
6.000   -0.954  2.021   0.350   0.350   1.000   1.168   0.040   0.044   0.088
6.500   -0.960  1.908   0.350   0.350   1.000   1.174   0.036   0.020   0.067
7.000   -0.968  2.179   0.350   0.350   1.000   1.182   0.033   0.014   0.028
7.500   -0.969  1.065   0.350   0.350   1.000   1.177   0.037   0.015   0.082
8.000   -0.971  1.893   0.350   0.350   1.000   1.178   0.036   0.032   0.078
8.500   -0.973  0.973   0.350   0.350   1.000   1.185   0.035   0.019   0.065
9.000   -1.006  0.973   0.350   0.350   1.000   1.188   0.034   0.014   0.065
9.500   -1.006  1.084   0.350   0.350   1.000   1.184   0.034   0.026   0.039
Report J1/J3 = 0.400 .
0.000   0.004   0.000   0.400   0.400   1.000   0.137   0.122   0.000   0.000
0.500   -0.121  0.309   0.400   0.400   1.000   0.150   0.126   0.054   0.050
1.000   -0.240  1.330   0.400   0.400   1.000   0.192   0.121   0.286   0.119
1.500   -0.354  3.890   0.400   0.400   1.000   0.293   0.113   0.962   0.111
2.000   -0.556  8.794   0.400   0.400   1.000   0.814   0.094   0.777   0.129
2.500   -0.684  7.490   0.400   0.400   1.000   0.981   0.085   0.211   0.249
3.000   -0.778  7.684   0.400   0.400   1.000   1.043   0.068   0.195   0.191
3.500   -0.851  5.819   0.400   0.400   1.000   1.099   0.066   0.116   0.179
4.000   -0.893  3.896   0.400   0.400   1.000   1.133   0.041   0.036   0.110
4.500   -0.918  3.345   0.400   0.400   1.000   1.151   0.035   0.041   0.122
5.000   -0.928  2.914   0.400   0.400   1.000   1.159   0.039   0.041   0.152
5.500   -0.939  1.983   0.400   0.400   1.000   1.165   0.036   0.033   0.133
6.000   -0.942  2.454   0.400   0.400   1.000   1.164   0.041   0.042   0.184
6.500   -0.946  2.140   0.400   0.400   1.000   1.165   0.044   0.032   0.226
7.000   -0.953  1.530   0.400   0.400   1.000   1.172   0.035   0.043   0.076
7.500   -0.955  2.265   0.400   0.400   1.000   1.175   0.036   0.051   0.100
8.000   -0.958  0.894   0.400   0.400   1.000   1.179   0.035   0.020   0.110
8.500   -0.961  0.913   0.400   0.400   1.000   1.185   0.039   0.021   0.105
9.000   -0.974  36.032  0.400   0.400   1.000   1.183   0.035   0.011   0.069
9.500   -0.991  1.173   0.400   0.400   1.000   1.178   0.037   0.030   0.089
Report J1/J3 = 0.450 .
0.000   -0.000  0.000   0.450   0.450   1.000   0.137   0.122   0.000   0.000
0.500   -0.127  0.308   0.450   0.450   1.000   0.151   0.125   0.070   0.053
1.000   -0.247  1.293   0.450   0.450   1.000   0.188   0.118   0.217   0.110
1.500   -0.363  3.110   0.450   0.450   1.000   0.293   0.113   0.898   0.140
2.000   -0.581  8.783   0.450   0.450   1.000   0.843   0.094   0.686   0.179
2.500   -0.746  7.358   0.450   0.450   1.000   0.987   0.073   0.111   0.139
3.000   -0.823  8.198   0.450   0.450   1.000   1.024   0.057   0.100   0.163
3.500   -0.882  4.019   0.450   0.450   1.000   1.069   0.046   0.035   0.093
4.000   -0.911  3.862   0.450   0.450   1.000   1.073   0.038   0.032   0.073
4.500   -0.928  2.749   0.450   0.450   1.000   1.081   0.036   0.008   0.081
5.000   -0.936  2.616   0.450   0.450   1.000   1.078   0.036   0.023   0.076
5.500   -0.941  1.715   0.450   0.450   1.000   1.083   0.034   0.011   0.082
6.000   -0.947  1.306   0.450   0.450   1.000   1.084   0.033   0.006   0.051
6.500   -0.949  0.851   0.450   0.450   1.000   1.084   0.032   0.008   0.078
7.000   -0.951  0.781   0.450   0.450   1.000   1.085   0.032   0.022   0.057
7.500   -0.952  0.651   0.450   0.450   1.000   1.082   0.031   0.005   0.058
8.000   -0.953  0.546   0.450   0.450   1.000   1.083   0.032   0.005   0.047
8.500   -0.954  0.314   0.450   0.450   1.000   1.085   0.031   0.004   0.048
9.000   -0.954  0.421   0.450   0.450   1.000   1.084   0.032   0.006   0.042
9.500   -0.955  0.269   0.450   0.450   1.000   1.085   0.031   0.005   0.047
Report J1/J3 = 0.500 .
0.000   -0.011  0.000   0.500   0.500   1.000   0.137   0.122   0.000   0.000
0.500   -0.132  0.291   0.500   0.500   1.000   0.166   0.122   0.095   0.043
1.000   -0.253  1.624   0.500   0.500   1.000   0.186   0.126   0.227   0.096
1.500   -0.373  3.431   0.500   0.500   1.000   0.309   0.116   1.048   0.175
2.000   -0.609  9.013   0.500   0.500   1.000   0.862   0.089   0.449   0.219
2.500   -0.793  5.746   0.500   0.500   1.000   1.030   0.066   0.125   0.147
3.000   -0.864  4.755   0.500   0.500   1.000   1.067   0.051   0.035   0.093
3.500   -0.892  3.145   0.500   0.500   1.000   1.077   0.044   0.028   0.103
4.000   -0.912  2.533   0.500   0.500   1.000   1.078   0.050   0.036   0.076
4.500   -0.925  1.808   0.500   0.500   1.000   1.077   0.049   0.022   0.082
5.000   -0.934  1.731   0.500   0.500   1.000   1.082   0.054   0.022   0.103
5.500   -0.937  1.465   0.500   0.500   1.000   1.078   0.052   0.018   0.103
6.000   -0.939  1.057   0.500   0.500   1.000   1.073   0.049   0.016   0.082
6.500   -0.942  0.691   0.500   0.500   1.000   1.076   0.052   0.016   0.112
7.000   -0.943  0.753   0.500   0.500   1.000   1.080   0.045   0.041   0.065
7.500   -0.944  0.600   0.500   0.500   1.000   1.080   0.046   0.023   0.092
8.000   -0.946  0.356   0.500   0.500   1.000   1.079   0.049   0.033   0.126
8.500   -0.947  0.394   0.500   0.500   1.000   1.082   0.046   0.020   0.117
9.000   -0.947  0.195   0.500   0.500   1.000   1.083   0.048   0.025   0.160
9.500   -0.988  64.585  0.500   0.500   1.000   1.081   0.059   0.016   0.132
Report J1/J3 = 0.550 .
0.000   0.001   0.000   0.550   0.550   1.000   0.137   0.122   0.000   0.000
0.500   -0.125  0.413   0.550   0.550   1.000   0.160   0.120   0.081   0.045
1.000   -0.245  1.369   0.550   0.550   1.000   0.184   0.114   0.256   0.065
1.500   -0.378  3.302   0.550   0.550   1.000   0.326   0.111   1.091   0.091
2.000   -0.615  8.709   0.550   0.550   1.000   0.878   0.085   0.507   0.159
2.500   -0.793  7.339   0.550   0.550   1.000   1.059   0.059   0.173   0.111
3.000   -0.860  4.622   0.550   0.550   1.000   1.105   0.052   0.226   0.132
3.500   -0.892  2.611   0.550   0.550   1.000   1.137   0.087   0.074   0.253
4.000   -0.913  2.192   0.550   0.550   1.000   1.165   0.088   0.036   0.191
4.500   -0.924  2.155   0.550   0.550   1.000   1.173   0.098   0.025   0.186
5.000   -0.928  1.967   0.550   0.550   1.000   1.172   0.102   0.027   0.184
5.500   -0.937  1.565   0.550   0.550   1.000   1.182   0.113   0.035   0.098
6.000   -0.939  1.007   0.550   0.550   1.000   1.185   0.111   0.022   0.091
6.500   -0.942  0.642   0.550   0.550   1.000   1.192   0.113   0.015   0.105
7.000   -0.943  0.801   0.550   0.550   1.000   1.194   0.115   0.012   0.064
7.500   -0.945  0.795   0.550   0.550   1.000   1.198   0.114   0.016   0.115
8.000   -0.946  0.387   0.550   0.550   1.000   1.200   0.118   0.007   0.004
8.500   -0.946  0.688   0.550   0.550   1.000   1.198   0.117   0.014   0.015
9.000   -0.951  20.644  0.550   0.550   1.000   1.200   0.119   0.026   0.034
9.500   -1.011  82.294  0.550   0.550   1.000   1.205   0.117   0.013   0.047
Report J1/J3 = 0.600 .
0.000   -0.002  0.000   0.600   0.600   1.000   0.137   0.122   0.000   0.000
0.500   -0.133  0.352   0.600   0.600   1.000   0.157   0.121   0.087   0.041
1.000   -0.256  1.799   0.600   0.600   1.000   0.188   0.120   0.315   0.108
1.500   -0.398  5.837   0.600   0.600   1.000   0.348   0.097   1.411   0.116
2.000   -0.670  13.042  0.600   0.600   1.000   0.917   0.072   0.380   0.117
2.500   -0.828  5.310   0.600   0.600   1.000   1.051   0.053   0.105   0.108
3.000   -0.883  3.801   0.600   0.600   1.000   1.103   0.046   0.070   0.088
3.500   -0.905  2.774   0.600   0.600   1.000   1.101   0.041   0.039   0.098
4.000   -0.926  2.325   0.600   0.600   1.000   1.135   0.036   0.043   0.100
4.500   -0.936  2.258   0.600   0.600   1.000   1.140   0.034   0.064   0.066
5.000   -0.940  1.147   0.600   0.600   1.000   1.145   0.033   0.029   0.066
5.500   -0.945  1.482   0.600   0.600   1.000   1.155   0.040   0.031   0.091
6.000   -0.951  0.609   0.600   0.600   1.000   1.166   0.039   0.018   0.067
6.500   -0.950  0.842   0.600   0.600   1.000   1.163   0.046   0.042   0.054
7.000   -0.952  0.744   0.600   0.600   1.000   1.164   0.043   0.048   0.028
7.500   -0.952  0.571   0.600   0.600   1.000   1.165   0.045   0.016   0.026
8.000   -0.952  0.492   0.600   0.600   1.000   1.163   0.044   0.017   0.034
8.500   -0.954  1.188   0.600   0.600   1.000   1.169   0.045   0.015   0.032
9.000   -0.983  4.646   0.600   0.600   1.000   1.171   0.044   0.019   0.042
9.500   -1.017  34.587  0.600   0.600   1.000   1.169   0.040   0.028   0.041
Report J1/J3 = 0.650 .
0.000   0.005   0.000   0.650   0.650   1.000   0.137   0.122   0.000   0.000
0.500   -0.126  0.454   0.650   0.650   1.000   0.151   0.120   0.108   0.051
1.000   -0.256  2.094   0.650   0.650   1.000   0.190   0.116   0.248   0.104
1.500   -0.406  6.065   0.650   0.650   1.000   0.355   0.100   1.379   0.101
2.000   -0.720  17.792  0.650   0.650   1.000   0.947   0.068   0.549   0.100
2.500   -0.836  5.221   0.650   0.650   1.000   1.029   0.055   0.198   0.104
3.000   -0.891  3.953   0.650   0.650   1.000   1.085   0.046   0.074   0.052
3.500   -0.915  1.969   0.650   0.650   1.000   1.112   0.041   0.046   0.074
4.000   -0.921  2.492   0.650   0.650   1.000   1.116   0.042   0.048   0.111
4.500   -0.933  3.622   0.650   0.650   1.000   1.128   0.040   0.135   0.101
5.000   -0.940  1.099   0.650   0.650   1.000   1.138   0.036   0.053   0.060
5.500   -0.942  0.718   0.650   0.650   1.000   1.133   0.040   0.047   0.078
6.000   -0.945  0.703   0.650   0.650   1.000   1.144   0.037   0.036   0.053
6.500   -0.948  0.501   0.650   0.650   1.000   1.145   0.036   0.021   0.052
7.000   -0.949  0.530   0.650   0.650   1.000   1.153   0.034   0.024   0.065
7.500   -0.949  0.592   0.650   0.650   1.000   1.146   0.036   0.052   0.075
8.000   -0.949  0.493   0.650   0.650   1.000   1.146   0.032   0.024   0.079
8.500   -0.959  41.808  0.650   0.650   1.000   1.154   0.034   0.035   0.025
9.000   -0.981  0.359   0.650   0.650   1.000   1.154   0.033   0.036   0.030
9.500   -1.011  0.220   0.650   0.650   1.000   1.157   0.036   0.022   0.061
Report J1/J3 = 0.700 .
0.000   -0.002  0.000   0.700   0.700   1.000   0.137   0.122   0.000   0.000
0.500   -0.136  0.329   0.700   0.700   1.000   0.156   0.121   0.072   0.047
1.000   -0.271  2.378   0.700   0.700   1.000   0.192   0.115   0.251   0.083
1.500   -0.433  6.591   0.700   0.700   1.000   0.400   0.100   1.321   0.095
2.000   -0.760  8.988   0.700   0.700   1.000   0.962   0.063   0.319   0.091
2.500   -0.860  3.223   0.700   0.700   1.000   1.025   0.057   0.050   0.076
3.000   -0.889  2.301   0.700   0.700   1.000   1.021   0.056   0.046   0.063
3.500   -0.905  1.552   0.700   0.700   1.000   1.030   0.056   0.033   0.050
4.000   -0.912  1.426   0.700   0.700   1.000   1.028   0.052   0.062   0.077
4.500   -0.918  1.139   0.700   0.700   1.000   1.036   0.054   0.020   0.049
5.000   -0.921  0.619   0.700   0.700   1.000   1.044   0.050   0.029   0.058
5.500   -0.923  0.592   0.700   0.700   1.000   1.028   0.051   0.020   0.083
6.000   -0.925  0.417   0.700   0.700   1.000   1.034   0.047   0.036   0.029
6.500   -0.925  0.296   0.700   0.700   1.000   1.038   0.047   0.028   0.059
7.000   -0.926  0.408   0.700   0.700   1.000   1.042   0.053   0.035   0.056
7.500   -0.926  0.474   0.700   0.700   1.000   1.040   0.049   0.032   0.028
8.000   -0.926  0.132   0.700   0.700   1.000   1.029   0.054   0.016   0.039
8.500   -0.949  32.480  0.700   0.700   1.000   1.038   0.050   0.034   0.040
9.000   -0.960  31.581  0.700   0.700   1.000   1.029   0.049   0.034   0.054
9.500   -0.987  21.184  0.700   0.700   1.000   1.044   0.049   0.012   0.050
Report J1/J3 = 0.750 .
0.000   -0.004  0.000   0.750   0.750   1.000   0.137   0.122   0.000   0.000
0.500   -0.143  0.581   0.750   0.750   1.000   0.159   0.120   0.085   0.046
1.000   -0.287  1.800   0.750   0.750   1.000   0.195   0.109   0.285   0.099
1.500   -0.459  12.997  0.750   0.750   1.000   0.471   0.099   1.740   0.091
2.000   -0.787  8.179   0.750   0.750   1.000   0.981   0.063   0.214   0.089
2.500   -0.877  3.431   0.750   0.750   1.000   1.052   0.049   0.069   0.083
3.000   -0.909  1.921   0.750   0.750   1.000   1.078   0.044   0.060   0.063
3.500   -0.922  2.086   0.750   0.750   1.000   1.072   0.042   0.051   0.088
4.000   -0.931  1.724   0.750   0.750   1.000   1.088   0.040   0.155   0.114
4.500   -0.937  0.772   0.750   0.750   1.000   1.079   0.043   0.152   0.094
5.000   -0.942  0.731   0.750   0.750   1.000   1.088   0.042   0.026   0.084
5.500   -0.943  0.738   0.750   0.750   1.000   1.101   0.044   0.038   0.106
6.000   -0.944  0.509   0.750   0.750   1.000   1.093   0.041   0.082   0.134
6.500   -0.944  0.920   0.750   0.750   1.000   1.089   0.038   0.025   0.083
7.000   -0.947  0.367   0.750   0.750   1.000   1.095   0.039   0.030   0.067
7.500   -0.948  0.861   0.750   0.750   1.000   1.096   0.040   0.027   0.100
8.000   -0.949  0.518   0.750   0.750   1.000   1.094   0.039   0.017   0.076
8.500   -0.954  36.173  0.750   0.750   1.000   1.097   0.038   0.042   0.137
9.000   -0.979  0.539   0.750   0.750   1.000   1.099   0.041   0.037   0.080
9.500   -1.007  26.061  0.750   0.750   1.000   1.096   0.041   0.036   0.075
Report J1/J3 = 0.800 .
0.000   -0.003  0.000   0.800   0.800   1.000   0.137   0.122   0.000   0.000
0.500   -0.139  0.641   0.800   0.800   1.000   0.151   0.118   0.081   0.038
1.000   -0.287  2.646   0.800   0.800   1.000   0.199   0.113   0.223   0.075
1.500   -0.487  19.977  0.800   0.800   1.000   0.529   0.092   2.102   0.100
2.000   -0.790  10.861  0.800   0.800   1.000   0.989   0.062   0.190   0.104
2.500   -0.872  3.589   0.800   0.800   1.000   1.065   0.061   0.076   0.053
3.000   -0.908  3.139   0.800   0.800   1.000   1.088   0.047   0.042   0.078
3.500   -0.922  1.725   0.800   0.800   1.000   1.100   0.044   0.053   0.063
4.000   -0.931  1.099   0.800   0.800   1.000   1.117   0.039   0.030   0.050
4.500   -0.936  1.932   0.800   0.800   1.000   1.133   0.040   0.037   0.062
5.000   -0.940  0.699   0.800   0.800   1.000   1.140   0.039   0.029   0.078
5.500   -0.940  0.594   0.800   0.800   1.000   1.145   0.044   0.020   0.062
6.000   -0.943  0.514   0.800   0.800   1.000   1.149   0.042   0.024   0.059
6.500   -0.945  0.458   0.800   0.800   1.000   1.156   0.044   0.023   0.047
7.000   -0.946  0.472   0.800   0.800   1.000   1.157   0.045   0.031   0.028
7.500   -0.944  0.315   0.800   0.800   1.000   1.141   0.032   0.015   0.087
8.000   -0.947  0.672   0.800   0.800   1.000   1.159   0.044   0.017   0.079
8.500   -0.976  6.460   0.800   0.800   1.000   1.162   0.043   0.019   0.038
9.000   -0.992  78.888  0.800   0.800   1.000   1.167   0.046   0.009   0.031
9.500   -1.010  0.884   0.800   0.800   1.000   1.166   0.047   0.009   0.046
Report J1/J3 = 0.850 .
0.000   -0.003  0.000   0.850   0.850   1.000   0.137   0.122   0.000   0.000
0.500   -0.149  0.540   0.850   0.850   1.000   0.156   0.121   0.082   0.051
1.000   -0.306  2.510   0.850   0.850   1.000   0.204   0.110   0.245   0.084
1.500   -0.557  40.897  0.850   0.850   1.000   0.684   0.088   2.602   0.073
2.000   -0.851  6.126   0.850   0.850   1.000   1.036   0.055   0.074   0.061
2.500   -0.908  1.755   0.850   0.850   1.000   1.061   0.049   0.018   0.053
3.000   -0.927  1.583   0.850   0.850   1.000   1.067   0.048   0.026   0.056
3.500   -0.933  0.798   0.850   0.850   1.000   1.069   0.046   0.018   0.076
4.000   -0.937  0.750   0.850   0.850   1.000   1.066   0.044   0.013   0.070
4.500   -0.942  0.445   0.850   0.850   1.000   1.081   0.052   0.012   0.060
5.000   -0.943  0.271   0.850   0.850   1.000   1.083   0.050   0.017   0.070
5.500   -0.944  0.320   0.850   0.850   1.000   1.081   0.049   0.008   0.063
6.000   -0.944  0.336   0.850   0.850   1.000   1.082   0.052   0.011   0.068
6.500   -0.945  0.217   0.850   0.850   1.000   1.084   0.053   0.014   0.072
7.000   -0.944  0.485   0.850   0.850   1.000   1.078   0.049   0.031   0.092
7.500   -0.946  0.080   0.850   0.850   1.000   1.084   0.051   0.014   0.069
8.000   -0.955  53.584  0.850   0.850   1.000   1.083   0.049   0.008   0.084
8.500   -0.976  0.219   0.850   0.850   1.000   1.082   0.048   0.015   0.095
9.000   -0.986  68.370  0.850   0.850   1.000   1.083   0.051   0.013   0.075
9.500   -1.008  0.140   0.850   0.850   1.000   1.083   0.052   0.008   0.090
Report J1/J3 = 0.900 .
0.000   -0.004  0.000   0.900   0.900   1.000   0.137   0.122   0.000   0.000
0.500   -0.157  0.692   0.900   0.900   1.000   0.157   0.119   0.068   0.041
1.000   -0.314  2.150   0.900   0.900   1.000   0.214   0.111   0.350   0.102
1.500   -0.620  35.528  0.900   0.900   1.000   0.788   0.075   1.332   0.091
2.000   -0.844  3.825   0.900   0.900   1.000   0.998   0.057   0.048   0.058
2.500   -0.891  2.559   0.900   0.900   1.000   1.016   0.053   0.030   0.054
3.000   -0.911  1.277   0.900   0.900   1.000   1.028   0.055   0.013   0.031
3.500   -0.917  1.235   0.900   0.900   1.000   1.034   0.053   0.021   0.037
4.000   -0.922  0.638   0.900   0.900   1.000   1.032   0.053   0.008   0.042
4.500   -0.924  0.557   0.900   0.900   1.000   1.032   0.052   0.014   0.018
5.000   -0.924  0.424   0.900   0.900   1.000   1.030   0.055   0.012   0.040
5.500   -0.926  0.240   0.900   0.900   1.000   1.037   0.054   0.009   0.039
6.000   -0.927  0.364   0.900   0.900   1.000   1.032   0.055   0.006   0.018
6.500   -0.927  0.465   0.900   0.900   1.000   1.037   0.053   0.011   0.029
7.000   -0.928  0.222   0.900   0.900   1.000   1.035   0.055   0.017   0.017
7.500   -0.928  0.388   0.900   0.900   1.000   1.031   0.054   0.005   0.022
8.000   -0.928  0.190   0.900   0.900   1.000   1.029   0.054   0.005   0.018
8.500   -0.944  67.590  0.900   0.900   1.000   1.030   0.054   0.002   0.013
9.000   -0.957  0.217   0.900   0.900   1.000   1.032   0.057   0.005   0.036
9.500   -0.986  0.419   0.900   0.900   1.000   1.032   0.050   0.021   0.018
Report J1/J3 = 0.950 .
0.000   -0.005  0.000   0.950   0.950   1.000   0.137   0.122   0.000   0.000
0.500   -0.161  0.548   0.950   0.950   1.000   0.159   0.124   0.071   0.051
1.000   -0.328  3.152   0.950   0.950   1.000   0.218   0.109   0.394   0.109
1.500   -0.690  36.262  0.950   0.950   1.000   0.857   0.071   0.733   0.106
2.000   -0.874  3.978   0.950   0.950   1.000   1.008   0.049   0.058   0.049
2.500   -0.909  2.203   0.950   0.950   1.000   1.026   0.048   0.037   0.066
3.000   -0.924  1.305   0.950   0.950   1.000   1.038   0.046   0.031   0.039
3.500   -0.932  0.832   0.950   0.950   1.000   1.023   0.036   0.017   0.038
4.000   -0.933  0.696   0.950   0.950   1.000   1.022   0.037   0.020   0.059
4.500   -0.935  0.290   0.950   0.950   1.000   1.027   0.034   0.019   0.033
5.000   -0.936  0.280   0.950   0.950   1.000   1.027   0.033   0.018   0.031
5.500   -0.937  0.170   0.950   0.950   1.000   1.019   0.033   0.014   0.049
6.000   -0.937  0.315   0.950   0.950   1.000   1.026   0.033   0.042   0.026
6.500   -0.938  0.156   0.950   0.950   1.000   1.025   0.037   0.035   0.091
7.000   -0.938  0.223   0.950   0.950   1.000   1.027   0.034   0.042   0.046
7.500   -0.938  0.280   0.950   0.950   1.000   1.023   0.035   0.012   0.079
8.000   -0.938  0.214   0.950   0.950   1.000   1.027   0.032   0.036   0.035
8.500   -0.938  0.192   0.950   0.950   1.000   1.019   0.033   0.026   0.050
9.000   -0.939  0.150   0.950   0.950   1.000   1.021   0.031   0.027   0.069
9.500   -0.938  0.229   0.950   0.950   1.000   1.018   0.035   0.019   0.085
Time taken is 715012578 microseconds. 
