Report J1/J3 = -1.000 .
0.000	-0.017	0.000	-1.000	-1.000	1.000	0.148	0.124	0.000	0.000
0.000	-0.028	0.000	-1.000	-1.000	1.000	0.150	0.127	0.000	0.000
0.000	-0.016	0.000	-1.000	-1.000	1.000	0.143	0.118	0.000	0.000
0.000	-0.027	0.000	-1.000	-1.000	1.000	0.149	0.122	0.000	0.000
0.000	-0.025	0.000	-1.000	-1.000	1.000	0.140	0.127	0.000	0.000
0.000	-0.010	0.000	-1.000	-1.000	1.000	0.152	0.123	0.000	0.000
0.000	-0.026	0.000	-1.000	-1.000	1.000	0.143	0.124	0.000	0.000
0.000	-0.022	0.000	-1.000	-1.000	1.000	0.141	0.120	0.000	0.000
0.000	-0.023	0.000	-1.000	-1.000	1.000	0.142	0.125	0.000	0.000
0.000	-0.026	0.000	-1.000	-1.000	1.000	0.147	0.115	0.000	0.000
0.000	-0.010	0.000	-1.000	-1.000	1.000	0.142	0.125	0.000	0.000
0.000	-0.017	0.000	-1.000	-1.000	1.000	0.149	0.122	0.000	0.000
0.000	-0.018	0.000	-1.000	-1.000	1.000	0.143	0.121	0.000	0.000
0.000	-0.010	0.000	-1.000	-1.000	1.000	0.147	0.123	0.000	0.000
0.000	-0.025	0.000	-1.000	-1.000	1.000	0.149	0.123	0.000	0.000
0.000	-0.030	0.000	-1.000	-1.000	1.000	0.144	0.121	0.000	0.000
0.000	-0.018	0.000	-1.000	-1.000	1.000	0.142	0.127	0.000	0.000
0.000	-0.015	0.000	-1.000	-1.000	1.000	0.144	0.124	0.000	0.000
0.000	-0.028	0.000	-1.000	-1.000	1.000	0.139	0.122	0.000	0.000
0.000	-0.011	0.000	-1.000	-1.000	1.000	0.147	0.120	0.000	0.000
Report J1/J3 = -0.800 .
0.000	-0.047	0.000	-0.800	-0.800	1.000	0.137	0.122	0.000	0.000
0.000	-0.008	0.000	-0.800	-0.800	1.000	0.158	0.120	0.000	0.000
0.000	-0.041	0.000	-0.800	-0.800	1.000	0.145	0.120	0.000	0.000
0.000	-0.038	0.000	-0.800	-0.800	1.000	0.140	0.117	0.000	0.000
0.000	-0.047	0.000	-0.800	-0.800	1.000	0.143	0.123	0.000	0.000
0.000	-0.051	0.000	-0.800	-0.800	1.000	0.145	0.124	0.000	0.000
0.000	-0.043	0.000	-0.800	-0.800	1.000	0.147	0.116	0.000	0.000
0.000	-0.044	0.000	-0.800	-0.800	1.000	0.141	0.120	0.000	0.000
0.000	-0.046	0.000	-0.800	-0.800	1.000	0.142	0.125	0.000	0.000
0.000	-0.049	0.000	-0.800	-0.800	1.000	0.147	0.115	0.000	0.000
0.000	-0.026	0.000	-0.800	-0.800	1.000	0.142	0.125	0.000	0.000
0.000	-0.051	0.000	-0.800	-0.800	1.000	0.137	0.126	0.000	0.000
0.000	-0.023	0.000	-0.800	-0.800	1.000	0.151	0.121	0.000	0.000
0.000	-0.055	0.000	-0.800	-0.800	1.000	0.150	0.123	0.000	0.000
0.000	-0.050	0.000	-0.800	-0.800	1.000	0.149	0.123	0.000	0.000
0.000	-0.056	0.000	-0.800	-0.800	1.000	0.144	0.121	0.000	0.000
0.000	-0.041	0.000	-0.800	-0.800	1.000	0.142	0.127	0.000	0.000
0.000	-0.034	0.000	-0.800	-0.800	1.000	0.144	0.124	0.000	0.000
0.000	-0.054	0.000	-0.800	-0.800	1.000	0.139	0.122	0.000	0.000
0.000	-0.028	0.000	-0.800	-0.800	1.000	0.147	0.120	0.000	0.000
Report J1/J3 = -0.600 .
0.000	-0.141	0.000	-0.600	-0.600	1.000	0.137	0.122	0.000	0.000
0.000	-0.037	0.000	-0.600	-0.600	1.000	0.158	0.120	0.000	0.000
0.000	-0.119	0.000	-0.600	-0.600	1.000	0.145	0.120	0.000	0.000
0.000	-0.115	0.000	-0.600	-0.600	1.000	0.144	0.117	0.000	0.000
0.000	-0.139	0.000	-0.600	-0.600	1.000	0.143	0.123	0.000	0.000
0.000	-0.167	0.000	-0.600	-0.600	1.000	0.143	0.123	0.000	0.000
0.000	-0.158	0.000	-0.600	-0.600	1.000	0.143	0.124	0.000	0.000
0.000	-0.132	0.000	-0.600	-0.600	1.000	0.141	0.120	0.000	0.000
0.000	-0.139	0.000	-0.600	-0.600	1.000	0.142	0.125	0.000	0.000
0.000	-0.143	0.000	-0.600	-0.600	1.000	0.147	0.115	0.000	0.000
0.000	-0.083	0.000	-0.600	-0.600	1.000	0.142	0.125	0.000	0.000
0.000	-0.098	0.000	-0.600	-0.600	1.000	0.137	0.122	0.000	0.000
0.000	-0.084	0.000	-0.600	-0.600	1.000	0.151	0.121	0.000	0.000
0.000	-0.164	0.000	-0.600	-0.600	1.000	0.150	0.123	0.000	0.000
0.000	-0.149	0.000	-0.600	-0.600	1.000	0.149	0.123	0.000	0.000
0.000	-0.161	0.000	-0.600	-0.600	1.000	0.144	0.121	0.000	0.000
0.000	-0.130	0.000	-0.600	-0.600	1.000	0.142	0.127	0.000	0.000
0.000	-0.105	0.000	-0.600	-0.600	1.000	0.144	0.124	0.000	0.000
0.000	-0.160	0.000	-0.600	-0.600	1.000	0.147	0.126	0.000	0.000
0.000	-0.146	0.000	-0.600	-0.600	1.000	0.146	0.126	0.000	0.000
Report J1/J3 = -0.400 .
0.000	0.105	0.000	-0.400	-0.400	1.000	0.137	0.122	0.000	0.000
0.000	0.148	0.000	-0.400	-0.400	1.000	0.150	0.127	0.000	0.000
0.000	0.105	0.000	-0.400	-0.400	1.000	0.143	0.118	0.000	0.000
0.000	0.131	0.000	-0.400	-0.400	1.000	0.154	0.119	0.000	0.000
0.000	0.091	0.000	-0.400	-0.400	1.000	0.144	0.125	0.000	0.000
0.000	0.143	0.000	-0.400	-0.400	1.000	0.143	0.123	0.000	0.000
0.000	0.137	0.000	-0.400	-0.400	1.000	0.143	0.124	0.000	0.000
0.000	0.108	0.000	-0.400	-0.400	1.000	0.141	0.120	0.000	0.000
0.000	0.117	0.000	-0.400	-0.400	1.000	0.142	0.125	0.000	0.000
0.000	0.114	0.000	-0.400	-0.400	1.000	0.147	0.115	0.000	0.000
0.000	0.066	0.000	-0.400	-0.400	1.000	0.142	0.125	0.000	0.000
0.000	0.080	0.000	-0.400	-0.400	1.000	0.137	0.122	0.000	0.000
0.000	0.102	0.000	-0.400	-0.400	1.000	0.150	0.122	0.000	0.000
0.000	0.068	0.000	-0.400	-0.400	1.000	0.142	0.117	0.000	0.000
0.000	0.097	0.000	-0.400	-0.400	1.000	0.143	0.124	0.000	0.000
0.000	0.093	0.000	-0.400	-0.400	1.000	0.139	0.118	0.000	0.000
0.000	0.095	0.000	-0.400	-0.400	1.000	0.147	0.122	0.000	0.000
0.000	0.111	0.000	-0.400	-0.400	1.000	0.144	0.123	0.000	0.000
0.000	0.125	0.000	-0.400	-0.400	1.000	0.147	0.126	0.000	0.000
0.000	0.112	0.000	-0.400	-0.400	1.000	0.147	0.120	0.000	0.000
Report J1/J3 = -0.200 .
0.000	0.057	0.000	-0.200	-0.200	1.000	0.137	0.122	0.000	0.000
0.000	0.088	0.000	-0.200	-0.200	1.000	0.147	0.121	0.000	0.000
0.000	0.088	0.000	-0.200	-0.200	1.000	0.143	0.124	0.000	0.000
0.000	0.076	0.000	-0.200	-0.200	1.000	0.149	0.124	0.000	0.000
0.000	0.098	0.000	-0.200	-0.200	1.000	0.155	0.117	0.000	0.000
0.000	0.083	0.000	-0.200	-0.200	1.000	0.159	0.124	0.000	0.000
0.000	0.086	0.000	-0.200	-0.200	1.000	0.148	0.117	0.000	0.000
0.000	0.093	0.000	-0.200	-0.200	1.000	0.143	0.120	0.000	0.000
0.000	0.093	0.000	-0.200	-0.200	1.000	0.149	0.122	0.000	0.000
0.000	0.081	0.000	-0.200	-0.200	1.000	0.151	0.127	0.000	0.000
0.000	0.074	0.000	-0.200	-0.200	1.000	0.142	0.125	0.000	0.000
0.000	0.077	0.000	-0.200	-0.200	1.000	0.137	0.122	0.000	0.000
0.000	0.083	0.000	-0.200	-0.200	1.000	0.148	0.122	0.000	0.000
0.000	0.092	0.000	-0.200	-0.200	1.000	0.149	0.122	0.000	0.000
0.000	0.091	0.000	-0.200	-0.200	1.000	0.150	0.122	0.000	0.000
0.000	0.082	0.000	-0.200	-0.200	1.000	0.139	0.118	0.000	0.000
0.000	0.085	0.000	-0.200	-0.200	1.000	0.148	0.122	0.000	0.000
0.000	0.085	0.000	-0.200	-0.200	1.000	0.144	0.124	0.000	0.000
0.000	0.078	0.000	-0.200	-0.200	1.000	0.151	0.122	0.000	0.000
0.000	0.090	0.000	-0.200	-0.200	1.000	0.147	0.119	0.000	0.000
Report J1/J3 = 0.000 .
0.000	0.011	0.000	0.000	0.000	1.000	0.137	0.122	0.000	0.000
0.000	0.024	0.000	0.000	0.000	1.000	0.150	0.127	0.000	0.000
0.000	0.018	0.000	0.000	0.000	1.000	0.143	0.118	0.000	0.000
0.000	0.009	0.000	0.000	0.000	1.000	0.147	0.122	0.000	0.000
0.000	0.017	0.000	0.000	0.000	1.000	0.145	0.123	0.000	0.000
0.000	0.013	0.000	0.000	0.000	1.000	0.142	0.124	0.000	0.000
0.000	0.017	0.000	0.000	0.000	1.000	0.154	0.124	0.000	0.000
0.000	0.017	0.000	0.000	0.000	1.000	0.144	0.121	0.000	0.000
0.000	0.020	0.000	0.000	0.000	1.000	0.150	0.122	0.000	0.000
0.000	0.013	0.000	0.000	0.000	1.000	0.142	0.122	0.000	0.000
0.000	0.013	0.000	0.000	0.000	1.000	0.138	0.124	0.000	0.000
0.000	0.015	0.000	0.000	0.000	1.000	0.146	0.120	0.000	0.000
0.000	0.018	0.000	0.000	0.000	1.000	0.142	0.120	0.000	0.000
0.000	0.021	0.000	0.000	0.000	1.000	0.152	0.124	0.000	0.000
0.000	0.012	0.000	0.000	0.000	1.000	0.143	0.120	0.000	0.000
0.000	0.018	0.000	0.000	0.000	1.000	0.144	0.120	0.000	0.000
0.000	0.013	0.000	0.000	0.000	1.000	0.146	0.123	0.000	0.000
0.000	0.011	0.000	0.000	0.000	1.000	0.144	0.123	0.000	0.000
0.000	0.014	0.000	0.000	0.000	1.000	0.146	0.126	0.000	0.000
0.000	0.014	0.000	0.000	0.000	1.000	0.146	0.125	0.000	0.000
Report J1/J3 = 0.200 .
0.000	0.011	0.000	0.200	0.200	1.000	0.137	0.122	0.000	0.000
0.000	0.015	0.000	0.200	0.200	1.000	0.147	0.121	0.000	0.000
0.000	0.014	0.000	0.200	0.200	1.000	0.138	0.121	0.000	0.000
0.000	0.020	0.000	0.200	0.200	1.000	0.140	0.122	0.000	0.000
0.000	0.020	0.000	0.200	0.200	1.000	0.140	0.127	0.000	0.000
0.000	0.020	0.000	0.200	0.200	1.000	0.143	0.123	0.000	0.000
0.000	0.012	0.000	0.200	0.200	1.000	0.145	0.120	0.000	0.000
0.000	0.013	0.000	0.200	0.200	1.000	0.155	0.125	0.000	0.000
0.000	0.012	0.000	0.200	0.200	1.000	0.146	0.122	0.000	0.000
0.000	0.014	0.000	0.200	0.200	1.000	0.145	0.120	0.000	0.000
0.000	0.012	0.000	0.200	0.200	1.000	0.149	0.128	0.000	0.000
0.000	0.011	0.000	0.200	0.200	1.000	0.142	0.126	0.000	0.000
0.000	0.014	0.000	0.200	0.200	1.000	0.154	0.125	0.000	0.000
0.000	0.010	0.000	0.200	0.200	1.000	0.142	0.117	0.000	0.000
0.000	0.014	0.000	0.200	0.200	1.000	0.143	0.124	0.000	0.000
0.000	0.014	0.000	0.200	0.200	1.000	0.139	0.118	0.000	0.000
0.000	0.014	0.000	0.200	0.200	1.000	0.147	0.122	0.000	0.000
0.000	0.012	0.000	0.200	0.200	1.000	0.145	0.122	0.000	0.000
0.000	0.012	0.000	0.200	0.200	1.000	0.147	0.126	0.000	0.000
0.000	0.017	0.000	0.200	0.200	1.000	0.150	0.126	0.000	0.000
Report J1/J3 = 0.400 .
0.000	0.005	0.000	0.400	0.400	1.000	0.137	0.122	0.000	0.000
0.000	-0.011	0.000	0.400	0.400	1.000	0.147	0.121	0.000	0.000
0.000	-0.014	0.000	0.400	0.400	1.000	0.144	0.118	0.000	0.000
0.000	-0.016	0.000	0.400	0.400	1.000	0.153	0.120	0.000	0.000
0.000	-0.018	0.000	0.400	0.400	1.000	0.148	0.125	0.000	0.000
0.000	-0.018	0.000	0.400	0.400	1.000	0.151	0.123	0.000	0.000
0.000	-0.017	0.000	0.400	0.400	1.000	0.147	0.116	0.000	0.000
0.000	-0.017	0.000	0.400	0.400	1.000	0.144	0.120	0.000	0.000
0.000	-0.014	0.000	0.400	0.400	1.000	0.150	0.122	0.000	0.000
0.000	-0.020	0.000	0.400	0.400	1.000	0.149	0.120	0.000	0.000
0.000	-0.017	0.000	0.400	0.400	1.000	0.147	0.120	0.000	0.000
0.000	-0.016	0.000	0.400	0.400	1.000	0.138	0.125	0.000	0.000
0.000	-0.020	0.000	0.400	0.400	1.000	0.154	0.123	0.000	0.000
0.000	-0.019	0.000	0.400	0.400	1.000	0.147	0.123	0.000	0.000
0.000	-0.019	0.000	0.400	0.400	1.000	0.144	0.120	0.000	0.000
0.000	-0.020	0.000	0.400	0.400	1.000	0.151	0.121	0.000	0.000
0.000	-0.014	0.000	0.400	0.400	1.000	0.152	0.119	0.000	0.000
0.000	-0.013	0.000	0.400	0.400	1.000	0.152	0.121	0.000	0.000
0.000	-0.020	0.000	0.400	0.400	1.000	0.146	0.125	0.000	0.000
0.000	-0.016	0.000	0.400	0.400	1.000	0.143	0.126	0.000	0.000
Report J1/J3 = 0.600 .
0.000	0.004	0.000	0.600	0.600	1.000	0.137	0.122	0.000	0.000
0.000	0.008	0.000	0.600	0.600	1.000	0.147	0.121	0.000	0.000
0.000	0.005	0.000	0.600	0.600	1.000	0.143	0.124	0.000	0.000
0.000	0.011	0.000	0.600	0.600	1.000	0.140	0.122	0.000	0.000
0.000	0.010	0.000	0.600	0.600	1.000	0.151	0.125	0.000	0.000
0.000	0.007	0.000	0.600	0.600	1.000	0.159	0.123	0.000	0.000
0.000	0.005	0.000	0.600	0.600	1.000	0.145	0.121	0.000	0.000
0.000	0.008	0.000	0.600	0.600	1.000	0.144	0.120	0.000	0.000
0.000	0.004	0.000	0.600	0.600	1.000	0.149	0.120	0.000	0.000
0.000	0.005	0.000	0.600	0.600	1.000	0.148	0.121	0.000	0.000
0.000	0.006	0.000	0.600	0.600	1.000	0.139	0.124	0.000	0.000
0.000	0.004	0.000	0.600	0.600	1.000	0.146	0.121	0.000	0.000
0.000	0.012	0.000	0.600	0.600	1.000	0.147	0.123	0.000	0.000
0.000	0.012	0.000	0.600	0.600	1.000	0.149	0.122	0.000	0.000
0.000	0.008	0.000	0.600	0.600	1.000	0.150	0.125	0.000	0.000
0.000	0.004	0.000	0.600	0.600	1.000	0.152	0.120	0.000	0.000
0.000	0.005	0.000	0.600	0.600	1.000	0.143	0.119	0.000	0.000
0.000	0.004	0.000	0.600	0.600	1.000	0.148	0.120	0.000	0.000
0.000	0.010	0.000	0.600	0.600	1.000	0.147	0.124	0.000	0.000
0.000	0.005	0.000	0.600	0.600	1.000	0.136	0.118	0.000	0.000
Report J1/J3 = 0.800 .
0.000	-0.006	0.000	0.800	0.800	1.000	0.137	0.122	0.000	0.000
0.000	-0.007	0.000	0.800	0.800	1.000	0.147	0.121	0.000	0.000
0.000	-0.009	0.000	0.800	0.800	1.000	0.143	0.124	0.000	0.000
0.000	-0.009	0.000	0.800	0.800	1.000	0.150	0.124	0.000	0.000
0.000	-0.004	0.000	0.800	0.800	1.000	0.150	0.125	0.000	0.000
0.000	-0.005	0.000	0.800	0.800	1.000	0.142	0.123	0.000	0.000
0.000	-0.008	0.000	0.800	0.800	1.000	0.145	0.120	0.000	0.000
0.000	-0.009	0.000	0.800	0.800	1.000	0.148	0.120	0.000	0.000
0.000	-0.009	0.000	0.800	0.800	1.000	0.149	0.120	0.000	0.000
0.000	-0.009	0.000	0.800	0.800	1.000	0.149	0.120	0.000	0.000
0.000	-0.008	0.000	0.800	0.800	1.000	0.148	0.122	0.000	0.000
0.000	-0.004	0.000	0.800	0.800	1.000	0.147	0.122	0.000	0.000
0.000	-0.004	0.000	0.800	0.800	1.000	0.144	0.124	0.000	0.000
0.000	-0.009	0.000	0.800	0.800	1.000	0.142	0.117	0.000	0.000
0.000	-0.009	0.000	0.800	0.800	1.000	0.144	0.120	0.000	0.000
0.000	-0.011	0.000	0.800	0.800	1.000	0.150	0.120	0.000	0.000
0.000	-0.006	0.000	0.800	0.800	1.000	0.137	0.124	0.000	0.000
0.000	-0.009	0.000	0.800	0.800	1.000	0.149	0.120	0.000	0.000
0.000	-0.004	0.000	0.800	0.800	1.000	0.147	0.123	0.000	0.000
0.000	-0.004	0.000	0.800	0.800	1.000	0.151	0.126	0.000	0.000
Report time taken is 692856126 microseconds. 
