Report J1/J3 = -1.000 .
0.000	-0.041	0.000	-1.000	-1.000	1.000	0.149	0.125	0.000	0.000
0.120	0.074	0.054	-1.000	-1.000	1.000	0.135	0.117	0.013	0.013
0.240	0.193	0.143	-1.000	-1.000	1.000	0.145	0.122	0.037	0.024
0.360	0.311	0.433	-1.000	-1.000	1.000	0.151	0.123	0.048	0.038
0.480	0.425	0.654	-1.000	-1.000	1.000	0.154	0.121	0.073	0.043
0.600	0.571	1.212	-1.000	-1.000	1.000	0.168	0.121	0.153	0.052
0.720	0.675	1.598	-1.000	-1.000	1.000	0.173	0.121	0.168	0.075
0.840	0.791	1.818	-1.000	-1.000	1.000	0.179	0.111	0.197	0.070
0.960	0.908	2.144	-1.000	-1.000	1.000	0.204	0.113	0.265	0.089
1.080	1.048	3.558	-1.000	-1.000	1.000	0.239	0.099	0.491	0.071
1.200	1.184	4.679	-1.000	-1.000	1.000	0.285	0.101	0.911	0.067
1.320	1.409	17.622	-1.000	-1.000	1.000	0.475	0.090	2.330	0.077
1.440	2.056	11.673	-1.000	-1.000	1.000	0.887	0.070	0.254	0.049
1.560	2.321	8.826	-1.000	-1.000	1.000	0.967	0.056	0.120	0.063
1.680	2.433	4.867	-1.000	-1.000	1.000	0.991	0.053	0.067	0.041
1.800	2.511	5.985	-1.000	-1.000	1.000	1.001	0.050	0.055	0.041
1.920	2.567	2.974	-1.000	-1.000	1.000	1.013	0.054	0.035	0.041
2.040	2.601	3.701	-1.000	-1.000	1.000	1.015	0.050	0.037	0.050
2.160	2.624	3.738	-1.000	-1.000	1.000	1.007	0.049	0.086	0.052
2.280	2.656	2.372	-1.000	-1.000	1.000	1.019	0.053	0.031	0.031
Report J1/J3 = -0.800 .
0.000	-0.047	0.000	-0.800	-0.800	1.000	0.137	0.122	0.000	0.000
0.120	0.102	0.028	-0.800	-0.800	1.000	0.150	0.124	0.013	0.013
0.240	0.259	0.111	-0.800	-0.800	1.000	0.141	0.121	0.027	0.021
0.360	0.432	0.217	-0.800	-0.800	1.000	0.158	0.119	0.064	0.029
0.480	0.579	0.586	-0.800	-0.800	1.000	0.157	0.120	0.072	0.037
0.600	0.708	1.008	-0.800	-0.800	1.000	0.160	0.121	0.117	0.060
0.720	0.868	1.297	-0.800	-0.800	1.000	0.167	0.117	0.138	0.062
0.840	1.022	1.354	-0.800	-0.800	1.000	0.175	0.114	0.219	0.076
0.960	1.188	2.225	-0.800	-0.800	1.000	0.197	0.113	0.291	0.069
1.080	1.342	2.255	-0.800	-0.800	1.000	0.214	0.109	0.331	0.089
1.200	1.492	3.706	-0.800	-0.800	1.000	0.248	0.100	0.517	0.080
1.320	1.661	4.276	-0.800	-0.800	1.000	0.304	0.100	0.733	0.093
1.440	1.890	7.316	-0.800	-0.800	1.000	0.422	0.096	1.375	0.112
1.560	2.387	25.247	-0.800	-0.800	1.000	0.693	0.088	1.991	0.137
1.680	3.130	12.721	-0.800	-0.800	1.000	0.950	0.068	0.255	0.088
1.800	3.395	8.302	-0.800	-0.800	1.000	1.003	0.059	0.059	0.073
1.920	3.535	6.266	-0.800	-0.800	1.000	1.034	0.053	0.068	0.056
2.040	3.703	6.195	-0.800	-0.800	1.000	1.076	0.047	0.033	0.075
2.160	3.757	2.697	-0.800	-0.800	1.000	1.069	0.044	0.035	0.049
2.280	3.804	4.279	-0.800	-0.800	1.000	1.081	0.043	0.027	0.052
Report J1/J3 = -0.600 .
0.000	-0.144	0.000	-0.600	-0.600	1.000	0.137	0.122	0.000	0.000
0.120	0.193	0.020	-0.600	-0.600	1.000	0.151	0.125	0.014	0.013
0.240	0.569	0.108	-0.600	-0.600	1.000	0.144	0.125	0.031	0.023
0.360	0.919	0.164	-0.600	-0.600	1.000	0.152	0.119	0.067	0.039
0.480	1.282	0.306	-0.600	-0.600	1.000	0.150	0.117	0.083	0.047
0.600	1.547	0.605	-0.600	-0.600	1.000	0.158	0.121	0.101	0.048
0.720	1.916	1.077	-0.600	-0.600	1.000	0.173	0.118	0.157	0.095
0.840	2.204	1.015	-0.600	-0.600	1.000	0.169	0.116	0.133	0.063
0.960	2.553	1.401	-0.600	-0.600	1.000	0.181	0.117	0.244	0.081
1.080	2.924	2.558	-0.600	-0.600	1.000	0.211	0.113	0.309	0.090
1.200	3.305	3.590	-0.600	-0.600	1.000	0.241	0.114	0.554	0.094
1.320	3.597	3.210	-0.600	-0.600	1.000	0.252	0.105	0.603	0.089
1.440	4.008	4.841	-0.600	-0.600	1.000	0.308	0.105	1.240	0.102
1.560	4.471	6.529	-0.600	-0.600	1.000	0.416	0.100	1.472	0.108
1.680	5.182	14.690	-0.600	-0.600	1.000	0.596	0.095	2.630	0.128
1.800	6.429	15.420	-0.600	-0.600	1.000	0.858	0.078	0.512	0.118
1.920	7.446	14.817	-0.600	-0.600	1.000	0.954	0.071	0.178	0.124
2.040	7.965	9.215	-0.600	-0.600	1.000	0.986	0.069	0.177	0.110
2.160	8.611	10.753	-0.600	-0.600	1.000	1.038	0.058	0.086	0.114
2.280	8.854	6.438	-0.600	-0.600	1.000	1.053	0.059	0.049	0.134
Report J1/J3 = -0.400 .
0.000	0.111	0.000	-0.400	-0.400	1.000	0.137	0.122	0.000	0.000
0.120	-0.164	0.020	-0.400	-0.400	1.000	0.146	0.124	0.017	0.013
0.240	-0.408	0.071	-0.400	-0.400	1.000	0.140	0.121	0.031	0.024
0.360	-0.657	0.149	-0.400	-0.400	1.000	0.149	0.124	0.060	0.036
0.480	-0.932	0.333	-0.400	-0.400	1.000	0.153	0.125	0.091	0.054
0.600	-1.201	0.451	-0.400	-0.400	1.000	0.160	0.121	0.107	0.058
0.720	-1.442	0.774	-0.400	-0.400	1.000	0.173	0.121	0.139	0.074
0.840	-1.683	0.823	-0.400	-0.400	1.000	0.170	0.114	0.138	0.074
0.960	-1.946	1.281	-0.400	-0.400	1.000	0.180	0.120	0.217	0.081
1.080	-2.171	1.163	-0.400	-0.400	1.000	0.197	0.125	0.317	0.093
1.200	-2.422	1.867	-0.400	-0.400	1.000	0.222	0.113	0.421	0.105
1.320	-2.675	2.251	-0.400	-0.400	1.000	0.232	0.119	0.613	0.128
1.440	-2.883	2.632	-0.400	-0.400	1.000	0.249	0.109	0.718	0.121
1.560	-3.195	3.678	-0.400	-0.400	1.000	0.315	0.111	0.888	0.139
1.680	-3.510	5.664	-0.400	-0.400	1.000	0.407	0.111	1.889	0.168
1.800	-3.994	8.082	-0.400	-0.400	1.000	0.553	0.106	1.890	0.133
1.920	-4.589	7.932	-0.400	-0.400	1.000	0.736	0.100	0.928	0.197
2.040	-5.009	4.852	-0.400	-0.400	1.000	0.840	0.097	0.494	0.262
2.160	-5.410	4.909	-0.400	-0.400	1.000	0.913	0.089	0.400	0.164
2.280	-5.645	4.907	-0.400	-0.400	1.000	0.941	0.086	0.322	0.188
Report J1/J3 = -0.200 .
0.000	0.029	0.000	-0.200	-0.200	1.000	0.137	0.122	0.000	0.000
0.120	-0.040	0.012	-0.200	-0.200	1.000	0.149	0.123	0.015	0.012
0.240	-0.100	0.057	-0.200	-0.200	1.000	0.147	0.121	0.033	0.023
0.360	-0.177	0.108	-0.200	-0.200	1.000	0.150	0.123	0.063	0.059
0.480	-0.247	0.215	-0.200	-0.200	1.000	0.153	0.123	0.076	0.039
0.600	-0.317	0.383	-0.200	-0.200	1.000	0.158	0.124	0.086	0.064
0.720	-0.391	0.499	-0.200	-0.200	1.000	0.155	0.122	0.129	0.068
0.840	-0.448	0.643	-0.200	-0.200	1.000	0.166	0.123	0.151	0.088
0.960	-0.509	0.784	-0.200	-0.200	1.000	0.172	0.120	0.217	0.093
1.080	-0.569	0.886	-0.200	-0.200	1.000	0.180	0.118	0.240	0.112
1.200	-0.637	1.296	-0.200	-0.200	1.000	0.215	0.118	0.281	0.134
1.320	-0.692	1.641	-0.200	-0.200	1.000	0.217	0.123	0.432	0.168
1.440	-0.763	2.316	-0.200	-0.200	1.000	0.240	0.115	0.493	0.135
1.560	-0.829	2.672	-0.200	-0.200	1.000	0.290	0.123	0.965	0.116
1.680	-0.875	2.598	-0.200	-0.200	1.000	0.323	0.117	1.015	0.144
1.800	-1.005	4.276	-0.200	-0.200	1.000	0.459	0.120	1.771	0.207
1.920	-1.141	7.518	-0.200	-0.200	1.000	0.634	0.111	1.971	0.235
2.040	-1.257	6.790	-0.200	-0.200	1.000	0.758	0.111	1.044	0.367
2.160	-1.354	4.872	-0.200	-0.200	1.000	0.824	0.109	0.602	0.293
2.280	-1.438	4.544	-0.200	-0.200	1.000	0.890	0.106	0.531	0.426
Report J1/J3 = 0.000 .
0.000	0.011	0.000	0.000	0.000	1.000	0.137	0.122	0.000	0.000
0.120	-0.029	0.011	0.000	0.000	1.000	0.149	0.124	0.015	0.013
0.240	-0.069	0.057	0.000	0.000	1.000	0.146	0.121	0.037	0.021
0.360	-0.109	0.121	0.000	0.000	1.000	0.151	0.125	0.055	0.053
0.480	-0.146	0.220	0.000	0.000	1.000	0.150	0.124	0.063	0.062
0.600	-0.180	0.269	0.000	0.000	1.000	0.157	0.120	0.113	0.058
0.720	-0.235	0.467	0.000	0.000	1.000	0.169	0.122	0.127	0.079
0.840	-0.260	0.490	0.000	0.000	1.000	0.168	0.124	0.151	0.080
0.960	-0.294	0.688	0.000	0.000	1.000	0.179	0.118	0.215	0.086
1.080	-0.330	1.044	0.000	0.000	1.000	0.187	0.125	0.244	0.111
1.200	-0.369	1.088	0.000	0.000	1.000	0.197	0.122	0.378	0.091
1.320	-0.391	1.432	0.000	0.000	1.000	0.214	0.124	0.415	0.114
1.440	-0.427	1.694	0.000	0.000	1.000	0.242	0.125	0.658	0.144
1.560	-0.455	1.560	0.000	0.000	1.000	0.256	0.121	0.671	0.158
1.680	-0.491	3.699	0.000	0.000	1.000	0.323	0.121	1.140	0.184
1.800	-0.534	4.563	0.000	0.000	1.000	0.408	0.118	1.897	0.230
1.920	-0.595	7.503	0.000	0.000	1.000	0.531	0.121	2.223	0.262
2.040	-0.669	7.546	0.000	0.000	1.000	0.680	0.124	2.242	0.368
2.160	-0.738	4.361	0.000	0.000	1.000	0.796	0.118	0.793	0.373
2.280	-0.775	3.486	0.000	0.000	1.000	0.861	0.118	0.565	0.554
Report J1/J3 = 0.200 .
0.000	0.008	0.000	0.200	0.200	1.000	0.137	0.122	0.000	0.000
0.120	-0.020	0.014	0.200	0.200	1.000	0.146	0.120	0.019	0.015
0.240	-0.052	0.051	0.200	0.200	1.000	0.143	0.122	0.030	0.029
0.360	-0.081	0.139	0.200	0.200	1.000	0.150	0.125	0.059	0.042
0.480	-0.111	0.252	0.200	0.200	1.000	0.152	0.120	0.083	0.045
0.600	-0.138	0.471	0.200	0.200	1.000	0.165	0.119	0.087	0.060
0.720	-0.165	0.465	0.200	0.200	1.000	0.154	0.122	0.112	0.086
0.840	-0.194	0.559	0.200	0.200	1.000	0.169	0.119	0.176	0.080
0.960	-0.224	0.618	0.200	0.200	1.000	0.183	0.123	0.164	0.117
1.080	-0.248	1.044	0.200	0.200	1.000	0.185	0.121	0.251	0.130
1.200	-0.278	1.387	0.200	0.200	1.000	0.218	0.121	0.317	0.126
1.320	-0.298	1.433	0.200	0.200	1.000	0.208	0.122	0.309	0.157
1.440	-0.330	1.869	0.200	0.200	1.000	0.250	0.117	0.544	0.116
1.560	-0.353	1.788	0.200	0.200	1.000	0.273	0.118	0.755	0.149
1.680	-0.386	4.234	0.200	0.200	1.000	0.352	0.118	1.322	0.197
1.800	-0.427	4.847	0.200	0.200	1.000	0.439	0.122	2.082	0.214
1.920	-0.488	8.217	0.200	0.200	1.000	0.618	0.112	2.425	0.290
2.040	-0.532	6.219	0.200	0.200	1.000	0.726	0.112	1.155	0.285
2.160	-0.581	4.544	0.200	0.200	1.000	0.834	0.111	0.490	0.326
2.280	-0.610	4.476	0.200	0.200	1.000	0.879	0.109	0.458	0.330
Report J1/J3 = 0.400 .
0.000	0.008	0.000	0.400	0.400	1.000	0.137	0.122	0.000	0.000
0.120	-0.017	0.016	0.400	0.400	1.000	0.146	0.120	0.020	0.015
0.240	-0.046	0.071	0.400	0.400	1.000	0.141	0.122	0.029	0.028
0.360	-0.074	0.169	0.400	0.400	1.000	0.151	0.122	0.058	0.042
0.480	-0.104	0.316	0.400	0.400	1.000	0.157	0.121	0.077	0.045
0.600	-0.131	0.509	0.400	0.400	1.000	0.158	0.122	0.091	0.046
0.720	-0.161	0.506	0.400	0.400	1.000	0.160	0.117	0.111	0.082
0.840	-0.189	0.837	0.400	0.400	1.000	0.174	0.117	0.187	0.070
0.960	-0.214	0.938	0.400	0.400	1.000	0.184	0.122	0.214	0.098
1.080	-0.244	1.276	0.400	0.400	1.000	0.196	0.118	0.301	0.098
1.200	-0.269	1.727	0.400	0.400	1.000	0.221	0.118	0.377	0.105
1.320	-0.295	2.030	0.400	0.400	1.000	0.237	0.120	0.380	0.120
1.440	-0.326	3.344	0.400	0.400	1.000	0.278	0.113	0.722	0.106
1.560	-0.350	3.426	0.400	0.400	1.000	0.300	0.110	1.091	0.120
1.680	-0.390	5.278	0.400	0.400	1.000	0.391	0.111	1.720	0.177
1.800	-0.455	7.726	0.400	0.400	1.000	0.633	0.104	1.986	0.203
1.920	-0.520	9.581	0.400	0.400	1.000	0.771	0.102	0.927	0.191
2.040	-0.548	8.390	0.400	0.400	1.000	0.820	0.097	0.920	0.260
2.160	-0.592	5.619	0.400	0.400	1.000	0.892	0.089	0.287	0.186
2.280	-0.627	7.425	0.400	0.400	1.000	0.943	0.084	0.470	0.184
Report J1/J3 = 0.600 .
0.000	0.001	0.000	0.600	0.600	1.000	0.137	0.122	0.000	0.000
0.120	-0.028	0.020	0.600	0.600	1.000	0.146	0.123	0.019	0.016
0.240	-0.058	0.090	0.600	0.600	1.000	0.147	0.128	0.034	0.033
0.360	-0.089	0.219	0.600	0.600	1.000	0.153	0.125	0.052	0.032
0.480	-0.121	0.373	0.600	0.600	1.000	0.161	0.122	0.065	0.054
0.600	-0.153	0.757	0.600	0.600	1.000	0.160	0.123	0.100	0.059
0.720	-0.181	0.694	0.600	0.600	1.000	0.168	0.122	0.140	0.064
0.840	-0.215	1.193	0.600	0.600	1.000	0.178	0.117	0.147	0.066
0.960	-0.246	1.769	0.600	0.600	1.000	0.184	0.117	0.172	0.100
1.080	-0.275	1.701	0.600	0.600	1.000	0.198	0.115	0.238	0.073
1.200	-0.303	3.000	0.600	0.600	1.000	0.232	0.113	0.443	0.084
1.320	-0.337	3.109	0.600	0.600	1.000	0.248	0.111	0.565	0.079
1.440	-0.372	4.168	0.600	0.600	1.000	0.306	0.108	0.895	0.117
1.560	-0.425	8.392	0.600	0.600	1.000	0.459	0.100	1.851	0.108
1.680	-0.493	12.881	0.600	0.600	1.000	0.632	0.100	1.747	0.170
1.800	-0.554	11.846	0.600	0.600	1.000	0.779	0.088	1.394	0.140
1.920	-0.683	18.024	0.600	0.600	1.000	0.944	0.076	0.470	0.145
2.040	-0.724	7.529	0.600	0.600	1.000	0.976	0.068	0.124	0.137
2.160	-0.752	8.266	0.600	0.600	1.000	0.987	0.070	0.133	0.120
2.280	-0.795	6.999	0.600	0.600	1.000	0.990	0.057	0.091	0.093
Report J1/J3 = 0.800 .
0.000	-0.002	0.000	0.800	0.800	1.000	0.137	0.122	0.000	0.000
0.120	-0.034	0.028	0.800	0.800	1.000	0.150	0.124	0.017	0.015
0.240	-0.068	0.129	0.800	0.800	1.000	0.146	0.129	0.033	0.028
0.360	-0.106	0.263	0.800	0.800	1.000	0.157	0.124	0.056	0.029
0.480	-0.142	0.556	0.800	0.800	1.000	0.159	0.120	0.067	0.046
0.600	-0.178	0.804	0.800	0.800	1.000	0.150	0.120	0.074	0.065
0.720	-0.209	1.179	0.800	0.800	1.000	0.163	0.117	0.140	0.047
0.840	-0.243	1.427	0.800	0.800	1.000	0.174	0.113	0.224	0.066
0.960	-0.280	2.169	0.800	0.800	1.000	0.196	0.112	0.197	0.066
1.080	-0.316	3.027	0.800	0.800	1.000	0.221	0.112	0.323	0.081
1.200	-0.349	4.318	0.800	0.800	1.000	0.244	0.107	0.480	0.082
1.320	-0.399	6.419	0.800	0.800	1.000	0.307	0.106	0.937	0.094
1.440	-0.449	7.942	0.800	0.800	1.000	0.423	0.098	1.704	0.096
1.560	-0.602	38.686	0.800	0.800	1.000	0.786	0.075	1.447	0.102
1.680	-0.757	7.208	0.800	0.800	1.000	0.979	0.060	0.105	0.072
1.800	-0.781	6.510	0.800	0.800	1.000	0.973	0.062	0.134	0.065
1.920	-0.807	5.435	0.800	0.800	1.000	0.986	0.059	0.076	0.087
2.040	-0.836	5.908	0.800	0.800	1.000	1.007	0.060	0.089	0.095
2.160	-0.856	4.484	0.800	0.800	1.000	1.027	0.059	0.040	0.060
2.280	-0.867	4.130	0.800	0.800	1.000	1.031	0.050	0.026	0.082
Report time taken is 677705027 microseconds. 
