 Report J1/J3 = -1.000 .
0.000   -0.011  0.000   -1.000  -1.000  1.000   0.142   0.121   0.000   0.000
0.500   0.492   0.813   -1.000  -1.000  1.000   0.159   0.121   0.074   0.045
1.000   0.989   3.396   -1.000  -1.000  1.000   0.219   0.106   0.309   0.081
1.500   2.240   17.858  -1.000  -1.000  1.000   0.938   0.068   0.265   0.056
2.000   2.624   3.213   -1.000  -1.000  1.000   1.030   0.051   0.033   0.049
2.500   2.723   2.126   -1.000  -1.000  1.000   1.045   0.046   0.032   0.040
3.000   2.767   1.194   -1.000  -1.000  1.000   1.056   0.044   0.014   0.036
3.500   2.779   0.824   -1.000  -1.000  1.000   1.062   0.049   0.011   0.052
4.000   2.785   0.620   -1.000  -1.000  1.000   1.057   0.045   0.013   0.054
4.500   2.791   0.344   -1.000  -1.000  1.000   1.058   0.045   0.017   0.046
5.000   2.794   0.318   -1.000  -1.000  1.000   1.055   0.041   0.012   0.045
5.500   2.797   0.210   -1.000  -1.000  1.000   1.055   0.038   0.006   0.031
6.000   2.798   0.295   -1.000  -1.000  1.000   1.052   0.037   0.008   0.037
6.500   2.799   0.261   -1.000  -1.000  1.000   1.052   0.037   0.010   0.025
7.000   2.801   0.200   -1.000  -1.000  1.000   1.052   0.037   0.005   0.026
7.500   2.801   0.337   -1.000  -1.000  1.000   1.051   0.036   0.005   0.028
8.000   2.801   0.321   -1.000  -1.000  1.000   1.054   0.040   0.018   0.093
8.500   2.802   0.360   -1.000  -1.000  1.000   1.059   0.042   0.007   0.036
9.000   2.803   0.282   -1.000  -1.000  1.000   1.059   0.045   0.006   0.064
9.500   2.805   0.270   -1.000  -1.000  1.000   1.061   0.046   0.011   0.058
Report J1/J3 = -0.800 .
0.000   -0.049  0.000   -0.800  -0.800  1.000   0.137   0.124   0.000   0.000
0.500   0.595   0.619   -0.800  -0.800  1.000   0.159   0.121   0.077   0.060
1.000   1.232   2.380   -0.800  -0.800  1.000   0.201   0.109   0.238   0.087
1.500   2.234   21.276  -0.800  -0.800  1.000   0.648   0.091   1.581   0.107
2.000   3.445   6.477   -0.800  -0.800  1.000   0.978   0.059   0.079   0.078
2.500   3.770   4.123   -0.800  -0.800  1.000   1.020   0.054   0.053   0.063
3.000   3.870   2.643   -0.800  -0.800  1.000   1.035   0.056   0.031   0.055
3.500   3.921   1.717   -0.800  -0.800  1.000   1.039   0.062   0.030   0.070
4.000   3.955   0.817   -0.800  -0.800  1.000   1.040   0.060   0.025   0.047
4.500   3.969   0.862   -0.800  -0.800  1.000   1.037   0.056   0.014   0.036
5.000   3.976   0.573   -0.800  -0.800  1.000   1.043   0.059   0.048   0.051
5.500   3.990   0.278   -0.800  -0.800  1.000   1.035   0.059   0.016   0.038
6.000   3.995   0.244   -0.800  -0.800  1.000   1.031   0.059   0.017   0.045
6.500   3.995   0.573   -0.800  -0.800  1.000   1.032   0.057   0.020   0.032
7.000   4.005   0.782   -0.800  -0.800  1.000   1.041   0.062   0.023   0.048
7.500   4.010   0.629   -0.800  -0.800  1.000   1.048   0.065   0.013   0.072
8.000   4.013   0.358   -0.800  -0.800  1.000   1.046   0.061   0.011   0.042
8.500   4.015   0.403   -0.800  -0.800  1.000   1.046   0.062   0.015   0.042
9.000   4.018   0.446   -0.800  -0.800  1.000   1.045   0.061   0.010   0.045
9.500   4.017   0.526   -0.800  -0.800  1.000   1.044   0.061   0.016   0.048
Report J1/J3 = -0.600 .
0.000   -0.143  0.000   -0.600  -0.600  1.000   0.137   0.124   0.000   0.000
0.500   1.306   0.355   -0.600  -0.600  1.000   0.154   0.118   0.089   0.047
1.000   2.728   1.644   -0.600  -0.600  1.000   0.188   0.119   0.224   0.096
1.500   4.247   4.806   -0.600  -0.600  1.000   0.328   0.104   1.170   0.098
2.000   7.255   15.096  -0.600  -0.600  1.000   0.911   0.079   0.373   0.171
2.500   8.964   5.903   -0.600  -0.600  1.000   1.033   0.061   0.141   0.112
3.000   9.565   3.890   -0.600  -0.600  1.000   1.075   0.047   0.153   0.081
3.500   9.820   3.583   -0.600  -0.600  1.000   1.087   0.057   0.065   0.081
4.000   9.992   1.697   -0.600  -0.600  1.000   1.108   0.057   0.048   0.087
4.500   10.113  1.871   -0.600  -0.600  1.000   1.112   0.068   0.038   0.092
5.000   10.171  1.555   -0.600  -0.600  1.000   1.119   0.060   0.033   0.069
5.500   10.223  1.050   -0.600  -0.600  1.000   1.123   0.064   0.032   0.061
6.000   10.231  0.855   -0.600  -0.600  1.000   1.120   0.069   0.026   0.093
6.500   10.270  0.681   -0.600  -0.600  1.000   1.132   0.066   0.025   0.048
7.000   10.273  0.607   -0.600  -0.600  1.000   1.131   0.068   0.016   0.048
7.500   10.272  0.635   -0.600  -0.600  1.000   1.124   0.068   0.017   0.101
8.000   10.292  0.563   -0.600  -0.600  1.000   1.133   0.066   0.014   0.039
8.500   10.308  0.614   -0.600  -0.600  1.000   1.135   0.064   0.020   0.020
9.000   10.308  0.387   -0.600  -0.600  1.000   1.136   0.066   0.014   0.048
9.500   10.307  0.592   -0.600  -0.600  1.000   1.139   0.061   0.035   0.081
Report J1/J3 = -0.400 .
0.000   0.123   0.000   -0.400  -0.400  1.000   0.137   0.124   0.000   0.000
0.500   -0.973  0.284   -0.400  -0.400  1.000   0.149   0.121   0.074   0.054
1.000   -2.033  1.041   -0.400  -0.400  1.000   0.188   0.116   0.261   0.082
1.500   -3.067  2.957   -0.400  -0.400  1.000   0.277   0.114   0.653   0.136
2.000   -4.942  7.135   -0.400  -0.400  1.000   0.815   0.098   0.887   0.239
2.500   -6.218  11.432  -0.400  -0.400  1.000   1.005   0.077   0.274   0.212
3.000   -7.128  6.291   -0.400  -0.400  1.000   1.049   0.062   0.131   0.197
3.500   -7.575  4.857   -0.400  -0.400  1.000   1.074   0.053   0.083   0.125
4.000   -7.781  3.284   -0.400  -0.400  1.000   1.061   0.045   0.035   0.096
4.500   -7.917  3.940   -0.400  -0.400  1.000   1.068   0.044   0.045   0.119
5.000   -8.077  2.311   -0.400  -0.400  1.000   1.078   0.038   0.029   0.104
5.500   -8.168  1.913   -0.400  -0.400  1.000   1.082   0.040   0.051   0.121
6.000   -8.211  2.224   -0.400  -0.400  1.000   1.076   0.048   0.036   0.097
6.500   -8.266  1.708   -0.400  -0.400  1.000   1.078   0.036   0.043   0.110
7.000   -8.284  1.188   -0.400  -0.400  1.000   1.088   0.031   0.041   0.131
7.500   -8.306  0.927   -0.400  -0.400  1.000   1.097   0.030   0.032   0.083
8.000   -8.318  0.908   -0.400  -0.400  1.000   1.090   0.030   0.032   0.086
8.500   -8.330  0.684   -0.400  -0.400  1.000   1.092   0.028   0.030   0.108
9.000   -8.338  0.487   -0.400  -0.400  1.000   1.097   0.027   0.010   0.069
9.500   -8.398  26.193  -0.400  -0.400  1.000   1.092   0.028   0.028   0.067
Report J1/J3 = -0.200 .
0.000   0.009   0.000   -0.200  -0.200  1.000   0.137   0.124   0.000   0.000
0.500   -0.295  0.272   -0.200  -0.200  1.000   0.156   0.122   0.080   0.046
1.000   -0.570  0.858   -0.200  -0.200  1.000   0.181   0.118   0.216   0.074
1.500   -0.824  2.183   -0.200  -0.200  1.000   0.257   0.118   0.578   0.136
2.000   -1.235  8.304   -0.200  -0.200  1.000   0.689   0.114   1.900   0.296
2.500   -1.544  4.074   -0.200  -0.200  1.000   0.945   0.107   0.282   0.395
3.000   -1.663  3.188   -0.200  -0.200  1.000   1.013   0.101   0.242   0.558
3.500   -1.745  2.579   -0.200  -0.200  1.000   1.060   0.090   0.177   0.540
4.000   -1.815  3.451   -0.200  -0.200  1.000   1.100   0.088   0.138   0.552
4.500   -1.873  2.806   -0.200  -0.200  1.000   1.119   0.079   0.104   0.566
5.000   -1.910  4.181   -0.200  -0.200  1.000   1.131   0.071   0.089   0.472
5.500   -1.989  6.583   -0.200  -0.200  1.000   1.144   0.069   0.079   0.538
6.000   -2.096  5.276   -0.200  -0.200  1.000   1.170   0.052   0.026   0.332
6.500   -2.135  7.427   -0.200  -0.200  1.000   1.176   0.048   0.029   0.400
7.000   -2.170  4.943   -0.200  -0.200  1.000   1.183   0.047   0.024   0.372
7.500   -2.200  4.859   -0.200  -0.200  1.000   1.188   0.041   0.015   0.313
8.000   -2.223  3.156   -0.200  -0.200  1.000   1.194   0.036   0.013   0.294
8.500   -2.227  4.060   -0.200  -0.200  1.000   1.193   0.035   0.015   0.247
9.000   -2.249  3.010   -0.200  -0.200  1.000   1.200   0.032   0.007   0.280
9.500   -2.301  24.527  -0.200  -0.200  1.000   1.201   0.031   0.005   0.238
Report J1/J3 = 0.000 .
0.000   0.016   0.000   0.000   0.000   1.000   0.137   0.124   0.000   0.000
0.500   -0.152  0.221   0.000   0.000   1.000   0.155   0.122   0.084   0.045
1.000   -0.299  0.966   0.000   0.000   1.000   0.184   0.118   0.214   0.099
1.500   -0.435  2.085   0.000   0.000   1.000   0.253   0.124   0.637   0.145
2.000   -0.643  7.235   0.000   0.000   1.000   0.640   0.122   2.409   0.347
2.500   -0.805  3.896   0.000   0.000   1.000   0.910   0.121   0.525   0.566
3.000   -0.866  2.741   0.000   0.000   1.000   1.000   0.116   0.348   0.891
3.500   -0.894  1.489   0.000   0.000   1.000   1.041   0.117   0.207   0.846
4.000   -0.910  1.302   0.000   0.000   1.000   1.071   0.111   0.178   1.156
4.500   -0.923  1.067   0.000   0.000   1.000   1.095   0.117   0.135   1.502
5.000   -0.930  1.072   0.000   0.000   1.000   1.109   0.117   0.134   1.764
5.500   -0.935  1.048   0.000   0.000   1.000   1.119   0.115   0.101   1.869
6.000   -0.942  0.845   0.000   0.000   1.000   1.133   0.113   0.075   1.785
6.500   -0.945  0.729   0.000   0.000   1.000   1.140   0.113   0.063   2.239
7.000   -0.948  0.849   0.000   0.000   1.000   1.147   0.107   0.073   2.378
7.500   -0.951  0.835   0.000   0.000   1.000   1.151   0.109   0.059   2.413
8.000   -0.953  0.834   0.000   0.000   1.000   1.157   0.114   0.067   2.989
8.500   -0.957  0.898   0.000   0.000   1.000   1.164   0.107   0.060   3.143
9.000   -0.958  0.753   0.000   0.000   1.000   1.167   0.109   0.049   2.633
9.500   -0.959  0.806   0.000   0.000   1.000   1.168   0.106   0.053   2.760
Report J1/J3 = 0.200 .
0.000   0.015   0.000   0.200   0.200   1.000   0.137   0.124   0.000   0.000
0.500   -0.110  0.265   0.200   0.200   1.000   0.159   0.123   0.084   0.047
1.000   -0.229  0.963   0.200   0.200   1.000   0.183   0.120   0.179   0.092
1.500   -0.333  2.414   0.200   0.200   1.000   0.256   0.121   0.677   0.144
2.000   -0.522  8.079   0.200   0.200   1.000   0.708   0.114   1.870   0.216
2.500   -0.649  3.137   0.200   0.200   1.000   0.944   0.107   0.281   0.455
3.000   -0.696  3.346   0.200   0.200   1.000   1.009   0.096   0.267   0.454
3.500   -0.735  2.904   0.200   0.200   1.000   1.065   0.089   0.211   0.592
4.000   -0.762  3.967   0.200   0.200   1.000   1.096   0.079   0.166   0.563
4.500   -0.784  3.582   0.200   0.200   1.000   1.114   0.073   0.108   0.437
5.000   -0.807  5.514   0.200   0.200   1.000   1.130   0.070   0.109   0.445
5.500   -0.830  6.297   0.200   0.200   1.000   1.141   0.067   0.100   0.522
6.000   -0.857  7.355   0.200   0.200   1.000   1.142   0.056   0.069   0.407
6.500   -0.871  7.898   0.200   0.200   1.000   1.154   0.058   0.051   0.356
7.000   -0.892  6.660   0.200   0.200   1.000   1.161   0.050   0.033   0.336
7.500   -0.919  10.284  0.200   0.200   1.000   1.181   0.041   0.058   0.234
8.000   -0.932  3.930   0.200   0.200   1.000   1.190   0.039   0.019   0.265
8.500   -0.943  3.605   0.200   0.200   1.000   1.197   0.036   0.012   0.337
9.000   -0.948  3.351   0.200   0.200   1.000   1.197   0.034   0.007   0.297
9.500   -1.009  181.483 0.200   0.200   1.000   1.199   0.031   0.006   0.250
Report J1/J3 = 0.400 .
0.000   0.009   0.000   0.400   0.400   1.000   0.137   0.124   0.000   0.000
0.500   -0.110  0.257   0.400   0.400   1.000   0.159   0.118   0.089   0.053
1.000   -0.227  1.031   0.400   0.400   1.000   0.192   0.121   0.233   0.093
1.500   -0.345  3.334   0.400   0.400   1.000   0.292   0.113   0.895   0.120
2.000   -0.554  7.367   0.400   0.400   1.000   0.829   0.098   0.611   0.213
2.500   -0.673  9.032   0.400   0.400   1.000   0.981   0.081   0.294   0.243
3.000   -0.772  8.232   0.400   0.400   1.000   1.027   0.066   0.246   0.184
3.500   -0.836  5.514   0.400   0.400   1.000   1.041   0.056   0.062   0.142
4.000   -0.856  4.167   0.400   0.400   1.000   1.039   0.049   0.031   0.125
4.500   -0.880  2.892   0.400   0.400   1.000   1.046   0.045   0.017   0.113
5.000   -0.892  1.931   0.400   0.400   1.000   1.048   0.043   0.025   0.139
5.500   -0.899  2.482   0.400   0.400   1.000   1.051   0.052   0.019   0.129
6.000   -0.904  2.048   0.400   0.400   1.000   1.051   0.055   0.015   0.124
6.500   -0.908  1.373   0.400   0.400   1.000   1.052   0.051   0.022   0.100
7.000   -0.911  1.079   0.400   0.400   1.000   1.049   0.052   0.023   0.097
7.500   -0.913  0.934   0.400   0.400   1.000   1.053   0.051   0.023   0.104
8.000   -0.915  1.297   0.400   0.400   1.000   1.052   0.050   0.024   0.076
8.500   -0.916  0.749   0.400   0.400   1.000   1.054   0.053   0.017   0.059
9.000   -0.916  0.588   0.400   0.400   1.000   1.055   0.055   0.015   0.092
9.500   -0.941  47.618  0.400   0.400   1.000   1.053   0.050   0.020   0.093
Report J1/J3 = 0.600 .
0.000   0.011   0.000   0.600   0.600   1.000   0.137   0.124   0.000   0.000
0.500   -0.118  0.419   0.600   0.600   1.000   0.156   0.123   0.073   0.048
1.000   -0.245  1.586   0.600   0.600   1.000   0.193   0.117   0.219   0.087
1.500   -0.386  5.008   0.600   0.600   1.000   0.356   0.104   1.305   0.121
2.000   -0.655  14.736  0.600   0.600   1.000   0.912   0.079   0.406   0.125
2.500   -0.833  9.942   0.600   0.600   1.000   1.065   0.052   0.146   0.080
3.000   -0.879  3.306   0.600   0.600   1.000   1.097   0.044   0.072   0.064
3.500   -0.914  3.263   0.600   0.600   1.000   1.131   0.039   0.054   0.089
4.000   -0.933  2.116   0.600   0.600   1.000   1.148   0.038   0.055   0.060
4.500   -0.940  1.361   0.600   0.600   1.000   1.156   0.037   0.028   0.089
5.000   -0.947  1.474   0.600   0.600   1.000   1.155   0.036   0.035   0.114
5.500   -0.950  0.966   0.600   0.600   1.000   1.164   0.037   0.032   0.078
6.000   -0.953  0.753   0.600   0.600   1.000   1.167   0.037   0.031   0.107
6.500   -0.954  0.738   0.600   0.600   1.000   1.169   0.033   0.040   0.087
7.000   -0.955  0.804   0.600   0.600   1.000   1.172   0.034   0.032   0.130
7.500   -0.956  0.482   0.600   0.600   1.000   1.172   0.033   0.034   0.158
8.000   -0.957  0.352   0.600   0.600   1.000   1.174   0.036   0.021   0.088
8.500   -0.958  0.287   0.600   0.600   1.000   1.176   0.035   0.028   0.107
9.000   -0.957  0.508   0.600   0.600   1.000   1.174   0.037   0.047   0.142
9.500   -0.968  85.840  0.600   0.600   1.000   1.177   0.034   0.027   0.103
Report J1/J3 = 0.800 .
0.000   -0.008  0.000   0.800   0.800   1.000   0.137   0.124   0.000   0.000
0.500   -0.159  0.563   0.800   0.800   1.000   0.154   0.122   0.079   0.053
1.000   -0.305  2.048   0.800   0.800   1.000   0.198   0.106   0.269   0.062
1.500   -0.514  19.551  0.800   0.800   1.000   0.587   0.093   2.421   0.087
2.000   -0.825  10.505  0.800   0.800   1.000   0.982   0.055   0.146   0.071
2.500   -0.901  3.619   0.800   0.800   1.000   1.035   0.043   0.022   0.057
3.000   -0.918  2.375   0.800   0.800   1.000   1.035   0.043   0.029   0.043
3.500   -0.928  1.422   0.800   0.800   1.000   1.036   0.040   0.018   0.053
4.000   -0.935  0.694   0.800   0.800   1.000   1.042   0.039   0.012   0.044
4.500   -0.936  0.607   0.800   0.800   1.000   1.036   0.040   0.019   0.044
5.000   -0.937  0.701   0.800   0.800   1.000   1.040   0.038   0.020   0.053
5.500   -0.938  0.391   0.800   0.800   1.000   1.041   0.039   0.019   0.100
6.000   -0.939  0.380   0.800   0.800   1.000   1.039   0.036   0.014   0.045
6.500   -0.940  0.233   0.800   0.800   1.000   1.040   0.035   0.009   0.038
7.000   -0.941  0.251   0.800   0.800   1.000   1.038   0.038   0.015   0.027
7.500   -0.940  0.280   0.800   0.800   1.000   1.042   0.038   0.013   0.055
8.000   -0.941  0.435   0.800   0.800   1.000   1.040   0.034   0.015   0.039
8.500   -0.941  0.285   0.800   0.800   1.000   1.040   0.036   0.015   0.045
9.000   -0.941  0.393   0.800   0.800   1.000   1.039   0.036   0.017   0.052
9.500   -0.953  70.668  0.800   0.800   1.000   1.038   0.034   0.013   0.046
