0.78750000      0.20304398      0.97819564      -0.00000000     -0.50000000     -0.50000000     -1.00000000     0.17338428      0.07936699      D2d
1.57500000      0.40895205      6.11288893      -0.00000000     -0.50000000     -0.50000000     -1.00000000     0.17677450      0.16486021      D2d
2.36250000      0.68444906      7.08442539      -0.00000000     -0.50000000     -0.50000000     -1.00000000     0.18597183      0.62872997      D2d
3.15000000      0.78773641      4.15910720      -0.00000000     -0.50000000     -0.50000000     -1.00000000     0.25593943      1.70048997      D2d
3.93750000      0.83291488      5.60754569      -0.00000000     -0.50000000     -0.50000000     -1.00000000     0.27490923      1.61857986      D2d
4.72500000      0.86427907      2.63894693      -0.00000000     -0.50000000     -0.50000000     -1.00000000     0.30232390      1.03907090      D2d
5.51250000      0.88281403      1.93131777      -0.00000000     -0.50000000     -0.50000000     -1.00000000     0.34372464      1.01212197      D2d
6.30000000      0.89336509      2.13552893      -0.00000000     -0.50000000     -0.50000000     -1.00000000     0.33047051      0.51148362      D2d
7.08750000      0.89780152      1.72838244      -0.00000000     -0.50000000     -0.50000000     -1.00000000     0.27575876      0.60361880      D2d
7.87500000      0.90287855      1.22638499      -0.00000000     -0.50000000     -0.50000000     -1.00000000     0.26205739      0.76004190      D2d
8.66250000      0.90614282      1.71639443      -0.00000000     -0.50000000     -0.50000000     -1.00000000     0.29557931      0.62536622      D2d
0.78750000      0.25784282      2.19413880      -0.50000000     -0.50000000     -0.50000000     -1.00000000     0.17124910      0.06730212      D2d
1.57500000      0.78498375      67.75515620     -0.50000000     -0.50000000     -0.50000000     -1.00000000     0.12916082      0.12191980      D2d
2.36250000      0.86474360      0.97497492      -0.50000000     -0.50000000     -0.50000000     -1.00000000     0.09394751      0.06920407      D2d
3.15000000      0.87753551      1.10384712      -0.50000000     -0.50000000     -0.50000000     -1.00000000     0.08318369      0.09129528      D2d
3.93750000      0.88163586      1.12271664      -0.50000000     -0.50000000     -0.50000000     -1.00000000     0.07958328      0.10918347      D2d
4.72500000      0.88793655      1.03269439      -0.50000000     -0.50000000     -0.50000000     -1.00000000     0.08106004      0.12739812      D2d
5.51250000      0.89195120      0.62257547      -0.50000000     -0.50000000     -0.50000000     -1.00000000     0.06961508      0.10492254      D2d
6.30000000      0.89308393      0.55878774      -0.50000000     -0.50000000     -0.50000000     -1.00000000     0.07423025      0.13619476      D2d
7.08750000      0.89648349      1.03426463      -0.50000000     -0.50000000     -0.50000000     -1.00000000     0.07699973      0.06561504      D2d
7.87500000      0.89823154      0.49801575      -0.50000000     -0.50000000     -0.50000000     -1.00000000     0.07703015      0.08030422      D2d
8.66250000      0.89881454      0.54973660      -0.50000000     -0.50000000     -0.50000000     -1.00000000     0.07673324      0.05446082      D2d
0.78750000      0.65938373      3.51061423      -1.00000000     -0.50000000     -0.50000000     -1.00000000     0.17153929      0.07281837      D2d
1.57500000      0.79088695      4.02406721      -1.00000000     -0.50000000     -0.50000000     -1.00000000     0.29373836      0.69654319      D2d
2.36250000      0.83672541      2.61135065      -1.00000000     -0.50000000     -0.50000000     -1.00000000     0.36340628      1.49207927      D2d
3.15000000      0.84769495      1.25155633      -1.00000000     -0.50000000     -0.50000000     -1.00000000     0.32962856      1.18245237      D2d
3.93750000      0.85514442      1.04599226      -1.00000000     -0.50000000     -0.50000000     -1.00000000     0.34246057      1.22612295      D2d
4.72500000      0.85785323      0.62077233      -1.00000000     -0.50000000     -0.50000000     -1.00000000     0.33466708      0.53298207      D2d
5.51250000      0.85943283      1.48110034      -1.00000000     -0.50000000     -0.50000000     -1.00000000     0.36282951      1.63082998      D2d
6.30000000      0.86236189      0.70959962      -1.00000000     -0.50000000     -0.50000000     -1.00000000     0.48696867      0.66756940      D2d
7.08750000      0.86372441      0.80131519      -1.00000000     -0.50000000     -0.50000000     -1.00000000     0.51137826      0.48252755      D2d
7.87500000      0.86409665      0.72835148      -1.00000000     -0.50000000     -0.50000000     -1.00000000     0.48586849      0.54223256      D2d
8.66250000      0.86490787      0.60999387      -1.00000000     -0.50000000     -0.50000000     -1.00000000     0.47955152      0.64148742      D2d
0.78750000      0.74490084      1.05236491      -1.50000000     -0.50000000     -0.50000000     -1.00000000     0.16839959      0.06359971      D2d
1.57500000      0.82532164      4.21926566      -1.50000000     -0.50000000     -0.50000000     -1.00000000     0.17634738      0.23781376      D2d
2.36250000      0.85931690      2.92176172      -1.50000000     -0.50000000     -0.50000000     -1.00000000     0.15641626      0.17847607      D2d
3.15000000      0.87206856      1.75595233      -1.50000000     -0.50000000     -0.50000000     -1.00000000     0.16027040      0.28111960      D2d
3.93750000      0.87905142      1.19108529      -1.50000000     -0.50000000     -0.50000000     -1.00000000     0.16839147      0.25638147      D2d
4.72500000      0.88085303      1.08744907      -1.50000000     -0.50000000     -0.50000000     -1.00000000     0.15743716      0.34144601      D2d
5.51250000      0.88328383      1.45548675      -1.50000000     -0.50000000     -0.50000000     -1.00000000     0.15030493      0.39332630      D2d
6.30000000      0.88511604      0.75595596      -1.50000000     -0.50000000     -0.50000000     -1.00000000     0.16676495      0.31328820      D2d
7.08750000      0.88582823      0.65621838      -1.50000000     -0.50000000     -0.50000000     -1.00000000     0.17075863      0.25860940      D2d
7.87500000      0.88637656      0.48816863      -1.50000000     -0.50000000     -0.50000000     -1.00000000     0.15496282      0.33179370      D2d
8.66250000      0.88671278      1.07398296      -1.50000000     -0.50000000     -0.50000000     -1.00000000     0.16603988      0.27804212      D2d